121 6599 3016 2851 3660 2223 804 4949 5876 6497 5756 6461 6992 1670 1983 7335 3914 6030 2350 4715 1267 3623 1260 9322 171 4053 3537 1093 8320 2918 5580 5138 2531 9350 2266 9848 7317 8036 9554 2832 1132 2061 7024 6015 2083 3166 4856 4460 9500 9839 3392 1444 2548 6456 5661 1695 6581 6206 6780 4511 6878 6406 2903 6399 2800 2220 533 9344 4477 5758 9757 4378 8242 3567 2485 2327 3193 9405 8082 6759 490 7093 2272 5103 6064 1757 8705 6984 1090 3093 1355 5656 7266 1208 7204 4324 9061 5765 186 8818 37 9034 2104 6408 7411 5711 2779 1634 3311 8484 467 8105 3218 9968 764 2804 5562 8898 9527 7652 6614 7414 
114 8033 333 9832 6885 9351 2163 6613 286 9957 4390 5324 227 7979 4870 5115 2305 2042 5483 5109 9273 8074 7519 6444 8697 1257 6766 8594 3804 2608 9585 93 4273 9533 1541 3465 9990 1839 8316 3683 3212 8309 1423 9842 2763 8808 4168 2122 4869 1524 4906 3121 4825 387 3011 8094 3502 7043 922 4598 7233 2464 3888 2237 9196 3250 3605 7700 4750 8401 222 4893 4645 6326 2227 9156 8107 9676 9985 1748 3077 8656 658 4211 6641 6834 3523 8359 9468 2529 8922 5140 5445 3426 2177 9924 399 44 8994 4228 7858 9041 8658 2268 1295 6883 1672 2829 2620 1001 6942 5044 3634 8385 7326 
108 1434 9159 9925 8544 377 7337 2586 3833 5136 6093 6475 5377 4006 7798 4400 2906 9515 8439 4286 6255 1913 7952 5522 2295 1131 6105 9223 8897 4395 7768 3558 6470 22 980 5369 4588 8588 1242 1269 6531 1419 5036 521 822 1163 5018 7838 7340 2859 3584 4601 6129 7973 7344 3063 751 7238 8355 5646 2256 9507 1511 4522 5174 613 507 3125 1720 5841 2164 7632 4441 7098 4928 7874 8612 6297 707 8863 1072 1202 4912 6355 1031 1857 4850 7074 1995 2328 7289 8515 9576 9805 3717 4517 4580 677 2345 7029 3719 6404 6217 655 6480 2678 6576 2103 9895 
104 1179 7426 5260 6056 691 94 6319 3533 3937 1113 7638 1862 2769 8540 2141 2752 3536 3411 3238 5525 1076 489 5188 5323 402 3619 6389 8646 3195 8914 7142 9425 9870 3784 8493 1082 5322 7036 1092 3035 7334 2647 258 5281 3435 2878 1544 6829 3199 8814 9217 838 7491 4855 1068 214 3616 2979 635 183 1918 7500 3113 9426 4534 3880 9922 4719 8419 774 5630 2023 1065 6401 1987 139 9649 3739 6455 6694 8716 3483 7799 2896 2638 7551 4061 2248 8637 9476 427 5650 3168 5780 9767 2400 6524 561 8768 8683 1099 4539 8694 9604 
106 719 9738 9321 3039 9696 3720 2922 1896 9460 8492 5564 7421 4803 3659 961 7084 3 2633 1715 605 6016 784 1055 3949 6299 8790 9485 2908 2574 9986 6562 685 2601 8723 6084 7415 5055 2097 9910 9087 54 8832 1988 8734 2076 228 3488 858 2724 3778 5664 9010 2165 6836 7114 1451 6742 4373 4072 3301 6726 2695 263 9077 2447 4847 8866 6417 8367 6775 4826 9783 4853 1970 4159 8662 8452 6034 7819 8354 5339 520 1586 5709 3995 1869 4705 1951 4905 4459 1119 9863 8987 8953 8487 7729 5489 3956 2456 7399 5007 4712 3006 5065 960 2107 
104 9191 6440 6424 4661 6933 1959 2550 352 4060 8678 1746 915 5740 7929 8625 2940 2736 7109 3455 7992 3733 3836 62 6710 6703 8111 939 5177 5223 8389 8441 902 2175 2919 4396 5407 6188 2028 8213 7466 9908 4028 7377 4565 8448 4092 8938 5600 3974 1721 7258 3446 9552 7199 95 9283 9292 1927 1047 2231 4310 9624 2333 1741 9017 2131 3638 4837 9005 9396 4854 6372 1157 6243 5544 4024 2476 267 2117 7501 3257 752 4255 7868 7644 9253 8343 2718 1765 8981 3779 575 8011 4257 6094 7123 5717 6038 9882 212 7049 3517 4901 6575 
102 2603 3440 7318 2734 2381 7320 4967 698 3361 1556 4169 8118 9039 4824 9702 2767 4195 8693 7957 795 7259 1095 4514 5857 7944 5303 2536 7338 794 383 1895 4521 7671 6097 5474 1189 2735 452 1564 5279 7766 5811 2923 9216 394 3543 1091 9501 6253 4160 2114 3941 3801 7859 9931 1894 9681 6226 6851 3409 6384 1088 5567 9587 1584 646 2941 976 1400 5288 7507 7571 329 6122 9114 1274 3309 2655 9657 9198 828 826 1546 5408 9865 2422 2819 7810 7166 2088 8582 6161 8353 7474 3872 6264 4063 3071 849 9932 722 3227 
95 9670 7418 7136 601 8854 9443 5939 7643 4765 2855 417 1860 1835 2570 1745 4910 952 1795 6322 7286 4093 8746 2782 2242 6369 1932 2674 2728 5105 5570 4263 9270 8150 5366 1516 9368 2986 6674 2397 8145 4835 7846 133 7663 8142 1170 8378 2032 713 9430 1819 5730 4232 9387 2568 3552 7808 4085 9174 842 6058 4357 9429 348 5267 4725 7547 945 1528 6805 4755 7452 5011 876 8188 2340 4039 754 4927 6366 1333 1943 2501 396 9398 1105 8986 7371 7926 6842 4685 5836 1864 8629 9600 
100 2446 3875 7427 3183 5588 7781 1893 8125 6595 7309 9797 1100 9984 3811 1855 1985 5051 1612 6816 3001 679 250 3203 6274 3037 8687 6584 3388 6472 525 7614 8131 5509 5584 1557 2808 7076 3454 9249 2495 2092 2463 3893 8963 4925 6716 7130 6426 1070 3495 7126 2193 7564 2708 7546 7236 5755 7353 1950 538 3408 6120 705 2473 3549 8496 6558 5421 5321 6645 5663 3087 5992 9496 1506 6241 5589 6209 2285 2376 3219 4450 1815 7121 1474 4291 5593 8893 3652 7966 1323 4354 9349 2968 6390 1235 2582 3048 3952 5255 
97 9145 306 1808 8607 4494 9243 7096 4543 7031 9470 9787 3324 2244 9804 3950 8083 1554 6113 5086 4587 6262 4096 703 1542 9238 7054 8873 6212 4672 9619 252 2274 2788 9308 9442 6847 5068 995 7071 8943 8159 741 2705 2852 1097 3695 7104 918 4417 9902 7953 7893 4230 6282 2753 14 4033 6302 9596 1789 3432 2270 5733 4763 3550 7325 2750 7170 6514 433 7913 1362 2317 217 6917 6541 4979 1374 197 9020 2398 5173 3859 8846 2308 6988 6028 3697 7801 2031 3305 7654 9431 7187 7722 6588 7527 
97 8141 6130 9822 2440 9692 6062 9913 4951 389 2512 3698 3322 3524 1421 8063 627 4933 2701 1969 4887 2346 9665 4231 365 6309 2950 6919 530 9289 8486 5355 6344 7955 168 1643 1861 4844 5550 3434 5106 2720 7990 8989 3629 7288 6060 5015 628 1771 5006 6147 7853 5378 1383 7737 4054 3884 536 5498 3056 8495 7961 2259 6875 3690 5602 1230 6803 8570 1438 8071 6089 1782 9879 6926 5381 9348 8088 441 4593 9277 3661 8247 7746 9710 1115 8077 587 4237 8585 2075 7697 518 6656 6730 4171 4361 
86 9058 962 2150 929 2921 8568 726 4994 2557 4115 5387 3268 6790 6869 8766 5224 899 7538 3997 4621 4048 6547 4758 5168 8638 7580 4559 7190 9976 1622 2651 7811 933 8931 5290 8661 3415 6176 5265 2560 9359 6321 8223 6166 802 8498 9734 9427 299 1781 5989 9709 7040 7832 6528 8161 9088 4491 5283 4220 5607 7145 8531 8451 5981 6981 7228 948 6688 7711 6818 6136 621 9099 3041 9774 3467 120 8774 2585 7270 3529 1773 1637 7690 4087 
88 2995 2849 102 1466 724 2368 9662 7984 4568 5069 191 144 1976 9408 8053 1380 4718 1283 5126 5022 4673 7441 5163 1777 6553 1897 9499 4483 5142 9420 886 7352 9979 3955 6849 7370 9655 4599 7712 2056 178 1145 895 30 3896 6380 9197 6111 1272 7622 6807 5081 8847 1780 8171 9266 9896 6127 1379 864 4554 201 9298 4563 284 4403 50 7461 5039 3438 1685 640 7154 8241 5725 2510 2706 6311 9904 4890 8187 5915 8268 4635 7947 4184 4916 6090 
92 681 4078 7851 8561 3240 6261 5049 4754 5197 6959 3312 5112 2963 7890 9612 9033 2049 2166 6481 9147 343 6658 9456 3103 5875 2541 8235 9491 3185 4562 4931 5523 472 1668 9281 1168 3407 5818 9809 3314 3798 6486 3317 125 1968 2424 7493 4277 4148 9668 254 6565 7630 5239 2945 1 1973 3824 2029 4742 2639 9337 8692 7051 8704 9541 3497 8209 2438 8163 3133 5785 1328 8985 1277 1538 8554 8736 2093 1937 3274 1601 7843 6821 5845 1211 8412 7655 4690 2367 5723 5885 
89 2038 5455 7080 5801 2772 4878 6610 6200 1134 3679 5751 5128 1499 8613 6283 7603 5945 7721 7488 5912 7464 4298 9943 2853 9059 6944 7468 6276 7784 7743 4040 3280 9529 3606 2255 6434 4823 334 5890 1650 345 8446 1642 8864 557 5767 9707 3920 4139 7558 9119 5187 1848 7217 4162 5123 2625 3776 2596 9807 9614 7506 9105 7971 5414 7920 4445 8342 1501 7465 2374 1669 1108 6769 1790 4042 1947 7617 6041 3328 769 2143 1313 7841 2267 277 5269 9418 8311 
88 2822 6042 187 2156 3104 4397 523 3425 1816 5537 4217 9956 9175 7579 8751 7177 4408 6125 5210 3703 2710 1592 6395 4950 6419 4385 2961 2318 9885 1317 2654 5856 6263 9970 5440 3058 9728 1880 4002 1933 2818 4425 3251 2973 32 2666 6398 6448 9424 2581 2631 6861 2111 6963 4191 4865 2307 1338 3852 268 2997 4513 3342 5807 7293 3725 9449 897 8853 3947 2612 735 9881 6086 9667 3930 7463 2571 9023 3289 2441 5374 1184 836 6142 511 75 2507 
86 4523 1769 2635 2098 9581 4114 3991 7439 1036 350 6936 5534 6351 2555 9980 8072 208 6731 3225 1004 5446 209 2489 5253 87 5277 6329 6233 5222 5904 4857 2943 9089 8505 545 4873 3975 4376 2577 8020 8015 3003 6741 7844 2077 4424 9483 9264 193 4610 5001 8425 9671 5385 3473 7003 772 7710 342 8524 1234 8361 8806 9313 6158 1658 4209 2905 7857 808 4993 3112 1378 7616 6002 1939 5430 7089 2123 9971 7903 7178 3554 7348 6051 647 
93 2870 6340 3145 8724 5325 6897 8406 9868 3460 8781 8566 4957 4034 9751 6005 1264 8108 5744 2018 9055 2644 5218 3182 8076 3100 2179 8627 9339 8123 9889 6185 4941 3825 4720 4266 527 3635 1144 6951 909 2500 1553 4199 2671 7587 1052 8926 2287 9810 1173 8972 6518 7932 5884 4648 3419 6476 1246 8671 9518 6682 246 1273 3999 8048 8181 7254 7034 3526 9146 3823 5792 8388 316 3910 9291 3729 2559 3943 1958 6660 4840 4380 9987 3083 5736 950 4923 1653 3870 4789 8009 1766 
87 9413 3511 4107 8128 2202 3128 4481 1037 6970 4896 4151 6445 82 6718 4739 2519 2429 8727 2637 3326 8718 9648 2435 9457 1810 2892 9274 8655 2799 7473 9815 3603 5480 8347 5791 8659 3124 4132 7150 3759 4617 1452 1662 4120 6846 6362 4845 5076 3927 8773 5287 8480 8587 6045 9706 5927 5853 3466 454 4330 2688 3189 6144 366 9605 8905 1086 3838 7052 2046 1626 5261 8559 8244 1486 3653 3522 368 788 4791 6564 1738 6732 5473 9799 6632 7649 
81 5835 5604 1711 7186 8468 493 1805 5077 6003 2472 5668 906 6237 4573 6520 5990 6580 8957 4597 2762 7880 8649 7916 2001 2176 1980 9056 8499 6820 5983 1329 5699 7785 5137 2408 5162 6941 7509 9185 6544 9763 4779 4761 278 9616 6350 1057 3814 6850 887 7210 7975 5246 370 6505 9239 742 6894 562 2180 988 5753 8951 1331 5085 1997 6 3141 859 6828 8516 4841 3985 7631 3957 4339 1315 7471 9770 5193 6091 
81 8725 9215 5959 1125 7574 5771 9441 7871 5914 7922 8324 3295 9150 5251 1681 2101 8293 2840 2673 8454 7915 2433 7240 425 1370 3254 1039 1872 2078 4945 7824 5169 4892 3834 239 3685 3010 2534 522 3514 984 9876 8688 1567 8960 6009 6628 6050 2899 9509 3162 2271 8997 5778 6285 3736 155 7274 1843 8079 7389 1912 4362 8169 3841 7342 1281 634 2203 6532 9613 6068 321 8290 3202 8132 9873 5033 6511 2254 6422 
84 7277 6096 3448 835 9447 2803 5149 9361 5529 9685 1590 8949 9636 1758 3283 1588 6292 8992 5693 8176 9961 4015 3040 3587 927 5312 3158 5293 2722 7812 313 6225 9482 2178 1172 3134 2465 8345 6735 6337 1418 7919 4633 8787 6540 3961 8200 7803 5056 8757 440 7635 3248 9473 4987 9644 6004 1984 6165 7193 8357 1687 8449 7252 5341 9301 6659 6077 7119 3938 1509 2703 31 5926 4698 1550 4674 4422 8539 5042 8479 7063 1921 3232 
83 5371 8057 4801 3190 275 1062 9257 4751 9522 3987 9128 9966 7867 2343 3380 9549 908 5368 8375 4313 6643 9565 8620 5556 9675 720 7078 1219 363 5119 1852 6357 4497 7387 9993 4344 1935 2877 924 4749 9261 3028 5947 5202 7075 9666 6698 131 8975 5037 4059 5252 5692 1265 7447 1823 6035 9199 2733 3843 3509 622 5088 7073 7480 5120 374 8747 9524 1279 5459 1393 9320 3207 3308 5844 2814 4345 3159 9768 9969 2149 1445 
84 156 4172 5552 9151 3492 3665 8983 7251 5472 5127 460 6973 2186 5658 5082 3851 3722 2258 9407 745 2334 4745 8828 8322 2707 7038 4527 2457 6412 8258 70 9110 9412 353 2643 3020 7404 1796 1929 339 863 2617 7586 3401 8780 1382 5924 8370 4509 6466 7181 1336 2839 6792 6863 6736 2192 1649 5891 1284 8064 7198 2159 3294 1232 2588 1500 3374 7714 5342 3614 77 6013 5747 9927 501 6881 6776 5257 2215 1367 5690 4188 592 
77 820 5634 9053 9861 328 5721 5113 4458 8980 5333 357 3757 7728 4309 8012 1804 9571 674 5739 2917 5969 431 1089 620 1683 1688 3986 6287 2116 5768 5828 3622 3705 1847 5909 8761 7088 234 8732 86 6323 6376 8210 8217 762 2929 8259 7333 9846 8869 4778 2676 8301 4709 6047 5141 5025 9972 5558 7977 4999 88 3111 9713 7281 9788 1361 5471 5667 7764 8402 2386 1690 4875 4977 7162 4329 
81 6428 3117 8103 5673 2713 3496 3592 8969 9227 5675 9459 6234 5263 9621 6313 7667 2221 4730 9803 33 662 5376 1707 6793 4545 1609 230 1545 7472 9771 3892 6183 3631 2020 5830 9370 710 6137 7346 1856 3477 48 8597 5268 6432 3799 9469 1495 1224 812 905 9867 508 4991 5923 3761 2361 8091 3230 757 6679 9536 8647 7440 5946 7453 8043 8712 6654 8165 9765 4552 2371 1399 5877 9607 6647 3876 6065 6172 7264 
78 9392 1572 8090 6330 3042 7216 1040 810 6890 6928 2399 2304 6374 5258 5448 6844 813 132 7239 8609 4394 3556 5296 7405 4640 2303 6740 3648 4997 6069 1435 9793 9821 223 9309 4583 782 8915 7557 9390 1664 6453 1832 5541 1858 5154 2792 1941 6939 1903 5636 97 3915 3969 6605 6923 5328 7594 8157 543 9623 6593 7523 8527 8306 6201 6745 2627 3710 6667 9113 9869 7174 6269 3829 2565 7540 1199 
73 6781 7914 7735 2234 3775 9820 1712 3302 2858 5310 3582 7367 6677 5416 289 1042 236 7201 1160 3830 4452 3780 4004 1602 4432 8477 257 1349 1228 7423 8967 5395 3456 3303 3807 4743 3944 3441 2010 2151 2060 3672 5731 4051 904 1341 5212 5495 2723 5977 3394 8397 6219 7786 2605 7311 5250 8326 6560 6887 4366 2618 6709 1543 2712 6397 3664 8574 4866 6663 2783 3748 4300 
68 6430 7833 9141 1925 4796 2332 1531 450 3260 2876 2396 9627 5868 9874 4495 2622 173 6817 4454 1725 5343 4264 9260 2055 3506 1889 3553 9116 6178 5974 3981 805 9008 2981 6692 3389 3897 2462 7081 4118 9528 2684 4475 9730 7083 3428 4464 1334 1008 9938 9574 7017 9859 9433 1061 5677 7647 3014 4995 7090 7951 3958 7004 4526 7568 3531 1635 4347 
78 7138 1785 9742 9246 5266 3878 7245 8851 3519 667 7707 7985 1776 8615 4867 4553 6779 5351 8494 4358 7392 5748 7483 8182 6795 6860 1218 1104 5501 7771 9952 8437 6085 6368 5451 7549 3065 5833 1963 4637 5540 6545 2387 6170 335 6649 241 1710 8827 4086 1087 9230 7685 5165 4234 7113 9210 2089 6548 1497 6702 2294 3848 6339 2214 486 9148 6203 4619 5734 8024 2915 1697 9296 5470 9481 7534 9212 
74 327 3387 8644 1824 4904 3119 182 49 1148 9019 2145 7575 2144 6657 2138 4795 8442 4472 1012 8848 7931 5700 1301 4062 5413 2547 1158 2474 644 9057 4612 5080 6114 8842 7298 6375 1461 6895 2185 4112 2108 7206 8843 7292 7848 3754 6967 535 9897 8767 8580 7446 8059 885 1646 8427 2079 6911 5571 2491 9878 4646 4984 7386 453 2848 3840 9573 6332 8092 6650 2157 2611 9741 
72 586 5919 2758 42 5008 6729 5966 5942 7698 8049 4455 2815 5680 309 589 6566 3917 5353 1340 2687 9725 177 261 4055 8603 4929 1837 8623 8562 5694 2699 567 1126 1483 1621 6026 6873 4368 5732 623 815 6786 5648 8867 386 303 2113 3885 3329 6527 8331 6555 4668 3787 8676 7818 6723 3977 6239 5286 1479 2626 8695 2505 4346 4197 287 4540 4965 7165 7907 9700 
76 3883 3236 1408 8730 9166 4088 3501 276 9933 8885 2573 3396 404 5308 9115 785 6794 3881 2154 1414 9184 9395 3904 6854 6186 9220 8238 6690 8224 3791 8214 6672 9502 6449 9628 9833 9287 7884 1879 9334 3175 4351 9729 3978 3599 5590 5040 9021 4043 8023 8041 307 5708 6777 1940 5929 6700 4528 1663 6903 5190 4265 8648 1337 4416 6717 3936 6929 9347 4827 1327 1345 5227 202 4576 9346 
77 1717 3256 4260 8172 534 8177 8227 7358 1407 3064 6983 5999 1448 4165 4636 53 7719 6859 8572 9936 6738 8154 2937 5235 5976 6824 1207 8668 2725 7672 7928 3563 5282 109 6187 6508 2761 2171 2615 7882 2300 8129 379 645 7218 2806 7189 4812 500 2592 5431 8525 7646 3052 1026 136 7085 8430 5922 6281 10 5686 5702 2393 2264 8002 749 7156 1385 5161 1891 3468 3868 4111 977 8670 6627 
76 2600 3902 9814 3832 1512 612 7793 554 1924 4318 7724 8282 4050 3050 2147 4082 4252 8368 8756 2096 4356 3821 6300 9531 6630 6037 7409 7243 6574 6191 5124 4212 1920 6386 5848 7612 3132 9959 1358 1171 2015 5546 1536 2697 3013 4321 744 5038 4787 6827 5139 4711 1775 9373 4968 7892 5217 9063 1005 2109 7306 4608 8803 6704 8660 9244 8305 2119 1255 2059 9100 9015 6865 3642 1911 2423 
79 6507 3249 4830 3516 8205 5889 7529 2604 8503 2228 5566 291 421 4655 6421 6868 1236 3033 630 8328 7541 2322 5887 2477 3887 4900 5012 5023 3362 6171 6318 3194 636 1436 6612 8639 8925 8255 3646 6483 4471 4177 5695 4839 4113 8764 3895 7733 3109 5340 2246 4399 875 279 6023 154 7599 8069 8280 1107 7562 2199 1443 7360 2383 692 4571 7544 6506 9080 3226 8070 6722 7921 1503 1954 9802 8314 3708 
73 7678 4141 7609 3632 3247 8523 2890 1491 3383 7219 7744 5207 9967 304 504 2058 5619 7467 4487 5302 1882 1759 8904 734 5508 4665 972 3431 4021 8144 8536 5913 7300 8775 1467 4045 9207 9256 3889 8124 3437 4676 7758 2130 2364 297 3571 6724 9567 3088 7133 8230 5444 8856 488 727 9684 9402 8428 963 7139 7734 4884 3588 8845 9912 6358 3583 2008 1727 5029 6055 6216 
77 9189 8502 9740 4236 4057 8710 1186 108 1410 9385 4219 8699 3442 7625 3266 1923 73 9242 9504 7412 572 3858 2797 8793 3912 1555 4363 5189 7305 4281 6590 8976 2825 6882 8666 9135 777 1188 4813 4128 7265 7171 1496 6930 4129 4843 4244 4493 444 2026 326 9901 5697 7160 2035 921 2764 3591 3165 11 8838 9181 149 3450 1682 7396 7413 41 2357 8891 5317 7965 824 8715 2587 1508 7207 
74 295 8453 2830 1942 6214 1768 8592 8431 5881 1614 1080 4629 7180 7176 9537 4307 6036 2744 4734 3984 8000 6328 9854 6523 2511 3144 9690 6609 8153 84 3490 9051 4379 331 6010 2743 5330 2546 5519 7124 9400 5531 4470 6712 5150 8291 5931 3732 272 2277 6118 1200 5264 6477 7665 5319 898 372 7128 6317 485 4360 4666 8018 6181 940 6798 4590 7852 9152 1350 4767 3570 9784 
73 2584 7584 7828 4469 8896 6154 687 1751 4099 3172 9806 2051 6995 4248 738 1300 6341 8239 3854 2410 8349 2983 3715 9436 4736 2280 5350 1395 9677 4456 8665 5024 1962 4294 5427 5048 8675 9177 9326 1439 9794 5790 101 3820 7881 7813 2173 7578 3222 2402 8138 2696 3964 6107 5143 6370 8888 9608 5234 1017 9221 3510 3214 517 7738 7856 8272 3138 9731 936 7854 4594 9138 
75 7653 9340 7229 6198 1035 4766 8850 1909 3476 7161 3150 5829 4084 5144 1740 7016 5683 5125 5424 6994 9880 926 9954 1610 8289 4638 8358 4130 6651 4136 3131 2606 709 9458 3812 6484 7948 5716 8621 6624 6134 3073 7750 8319 1632 8155 4070 7079 4842 8839 8800 2490 46 28 9843 6194 9206 137 9789 5624 8811 2427 3459 9582 2709 1316 860 3451 7553 4940 6969 1791 1990 7756 7456 
67 9180 4804 8595 1030 4066 4122 5865 3060 2640 7295 2930 2236 4567 5166 6007 5079 9892 1411 5401 2960 1883 5490 4204 5647 2052 300 9497 5411 3449 8334 9367 5135 2369 5786 2324 2872 2475 6521 1050 5493 8804 100 4023 1884 1394 5858 2880 4102 9744 4971 8344 9108 4336 1878 7524 3208 3239 7791 1975 1263 8792 3349 2670 7424 6598 2630 5517 
72 1141 8709 9038 8366 8434 5908 4091 5669 7481 1175 5226 7147 7144 6242 8421 7842 7327 3541 3486 7227 1821 3724 4446 7664 1011 7925 2760 2050 301 6693 4689 4147 9278 5840 877 7077 1774 4851 9453 8990 7378 4700 8497 8333 588 1213 7628 5986 6199 8098 6529 1569 3115 4816 2377 6101 9680 932 3081 9069 2095 4688 6867 205 9463 5859 8270 4897 8819 6133 9255 5666 
72 6808 1187 7545 5595 4807 4808 4769 5553 540 6284 1220 4250 9590 2167 971 2838 185 975 3243 841 8783 2538 2286 4201 4047 1206 2188 4952 1371 3241 189 8149 2939 5752 8362 274 1122 9098 4838 2419 9553 3327 923 6195 1426 5179 3282 5893 867 728 7954 8719 5518 2566 8739 4790 5017 9065 8567 4271 5110 9778 3979 451 1607 7772 6498 2530 2007 3107 531 2388 
72 8450 8551 7132 8545 3628 7448 3656 8400 2012 4480 4966 9120 1123 8549 9097 6379 5706 5348 9121 9477 7751 1420 6559 4247 925 5879 7291 3925 7122 4290 7059 1244 9158 4919 8038 6892 5800 8348 8475 5095 4335 2206 3650 5958 414 325 2521 2754 3822 4359 19 4972 6468 3966 9048 7182 506 351 1686 8058 5391 9517 6972 1446 4518 937 6435 7805 3188 7460 9958 6148 
69 526 9054 9538 1364 552 4068 3921 4535 273 779 9816 5020 768 8711 216 2770 9315 4642 6218 7202 6675 8912 6256 5597 1309 3298 8892 1320 71 4081 7242 2817 2204 8489 920 7757 4080 2315 4525 3043 716 247 6678 9641 6087 9294 6949 7821 4626 5004 4810 1827 6420 9945 2392 6602 2282 4510 6324 3988 8376 9586 4592 9094 9829 5021 1551 2719 4678 
65 175 7901 7382 6812 9117 4238 8513 6250 3264 6748 2578 6504 9773 7408 1487 8285 7896 107 3299 5084 5821 8211 5133 3813 5035 753 3286 6976 5905 1321 4423 1029 831 8560 5477 9617 449 4125 6621 7889 461 8119 1845 9316 3916 2127 1476 797 8508 1953 7224 6579 7897 4108 737 652 9679 6901 617 1270 1150 6149 7315 7886 5987 
70 8849 3384 4805 5941 1330 6463 3044 9606 3306 9073 2535 8162 593 8884 4817 5478 3573 7866 5396 4205 2142 3156 3865 3774 5238 6033 4657 7188 9750 4658 5200 8482 9844 8137 4371 7831 3753 1457 7515 1840 5248 7365 2299 2690 9929 7624 549 2515 6346 4939 6259 3223 7250 8474 5358 5873 7512 3996 4741 2927 6356 1227 2834 1288 7938 1928 8240 4771 2494 8618 
71 4891 8946 9284 688 7539 7395 4773 3339 7552 8733 3953 462 1462 2218 4030 393 3019 319 2745 4809 8517 9781 4325 5502 619 9376 8652 2522 3670 5404 3310 7949 8826 6272 861 3061 7431 8882 2741 7385 2821 5539 8837 3596 8396 7428 8984 179 6270 2861 2958 364 3200 1110 4409 8706 2072 4959 1254 9633 2054 6495 4224 7789 3030 6189 4135 3530 5240 9204 582 
70 45 4052 8372 7297 6683 188 7694 3385 7982 3867 4415 4710 629 6123 220 930 6099 4116 4315 4194 7045 7401 7062 8055 7727 7802 4127 2935 9855 4428 8538 259 4986 6457 5132 9060 2540 2225 7307 8759 8999 8029 2181 1623 8186 5463 6685 4770 3365 5620 4744 5710 8126 9569 8690 2250 8777 1812 4615 7280 5937 2828 7261 5609 3161 4714 4963 9404 7134 4644 
68 1999 602 5645 8669 2864 9336 8903 2836 8356 3781 9592 1398 3009 375 8575 1276 2468 4486 7028 8478 8256 9084 8469 9126 1431 5906 3797 7935 911 3795 2790 9464 143 1482 8630 99 4280 8168 6530 4970 4106 1346 6946 1732 5043 7732 6020 7959 5745 7057 4772 2190 7445 1311 113 8802 3727 251 5466 6052 4561 5543 8236 2481 2781 8167 2791 6787 
70 4935 8085 2090 6931 7569 6888 3643 6155 1809 9129 4249 4834 2768 7865 8865 5435 7110 6393 106 4589 5861 3069 6715 2931 881 1867 1069 778 1319 2900 6728 9068 1744 376 2683 6502 917 96 2658 9209 2653 9103 3325 5186 2420 6900 3976 7640 5979 4198 2461 8521 4484 298 880 5719 857 8788 1728 2731 192 2572 1015 9293 3931 8298 7322 224 3436 2451 
69 2805 2672 1788 1271 1437 3258 336 1205 4327 7020 1024 2353 8277 5 8634 1750 1322 4478 6744 8292 2470 5301 4370 7304 8944 9921 2011 1002 2913 8801 6115 1176 8278 7740 5761 4420 3220 2982 6462 611 7795 3837 8461 884 9534 4868 1480 3973 7550 4285 3924 9479 293 4463 4267 8556 4721 8520 344 2866 6533 497 5918 7008 4586 7608 537 2659 2518 
64 4768 2993 625 3179 1468 5973 8297 26 5247 3682 3763 432 3177 7485 6746 8257 2609 320 3170 2310 8541 7745 4542 9375 5311 38 4988 6814 7877 5118 5874 2984 7112 2342 9290 6998 1876 514 8758 583 6124 5773 3728 7573 967 495 6373 2455 4849 9259 712 7498 4733 2063 8779 8219 7152 731 7804 9580 7294 265 6596 5823 
65 8099 3153 8472 4433 2554 5898 9930 1926 7442 1890 3671 8681 9825 590 3669 6902 8553 4083 5838 110 8988 21 8147 4374 5083 3846 8604 1490 3393 1401 8109 4276 3684 8373 1673 4555 5614 6494 8420 4498 1806 4649 7634 5271 3617 7269 5814 4569 2284 7619 5599 6260 3527 2533 3196 843 9030 9687 2789 6633 696 8216 6806 8395 2980 
67 6229 6021 9498 2793 8971 8286 747 3598 4717 2614 3367 6278 6485 3731 5682 7910 5157 6205 2794 9393 5159 1310 1259 5659 8760 648 7108 7958 8455 5847 3879 9279 231 6228 1137 5577 1887 5484 3960 6249 5060 4187 7283 8403 5362 5563 3564 5892 4859 9013 2619 607 1112 2964 1957 6577 9143 5809 1820 4735 2487 3589 2099 9995 2134 8805 7502 
67 577 8299 2698 1425 7235 1807 5511 8875 2140 3612 5181 294 9963 6464 1373 8093 4282 2450 484 5176 6236 9006 4158 4888 3608 8245 1908 359 1405 3360 8352 2354 9824 5504 1667 5804 3344 6539 4149 7676 834 1231 4389 7262 7070 6896 9271 1722 3270 1455 4729 1481 9364 1633 2360 5560 218 4138 8081 5276 9916 1540 8583 5930 9192 7215 519 
69 2717 4322 2823 2139 9417 6879 4503 8797 429 8745 1863 7416 931 7723 9027 221 704 7299 2591 2748 8022 4251 4117 7755 1081 9883 2552 6364 878 9127 1723 7983 2124 9228 6646 4603 1498 5230 9547 367 492 2889 7912 9262 4609 2319 7433 4879 7826 3792 5623 9245 9369 2421 6771 8160 2483 9686 8606 6713 7508 6153 7223 2516 5216 5204 6088 900 8636 
71 6423 7995 1573 9288 4989 9591 5213 2777 5129 896 8950 5826 1644 8584 5318 3443 1198 9599 9622 8920 3803 4799 4889 2689 51 2909 9720 8253 7525 6813 6585 2685 6352 1147 1406 2730 4551 8490 7033 2125 9312 6223 5447 3805 4738 2321 5617 9345 3945 1043 5047 5094 2073 2002 3689 8065 7658 7101 3084 5359 2691 7991 6308 4981 8060 2306 5513 4097 4871 1793 7887 
69 9111 3581 7855 23 7946 5528 5938 8919 4279 4 6102 8936 4156 6767 2024 4278 606 8831 5759 7561 1657 5406 4457 9733 576 4691 3336 8862 4223 2412 1960 2066 6993 9792 1314 5152 7099 693 7556 2034 4693 4164 6965 6487 9626 6789 763 6870 9234 3933 3750 3469 5019 7197 6799 2302 2197 6251 7770 8164 9828 5678 8928 1473 5779 2956 2406 9982 9577 
63 3831 1965 482 3209 7704 8654 3772 1021 34 7636 6117 6756 5520 4697 6966 4903 6622 2868 5850 6747 4575 3500 290 6268 833 7767 9857 6454 2355 2416 8332 7321 6044 2845 3180 6629 8051 4737 52 756 5357 9928 7479 4670 6349 4154 1617 206 7339 9514 4038 5009 3098 7332 8100 7731 556 1916 1136 3472 8816 7577 6207 
66 3155 1817 280 8504 7787 5334 3471 3316 850 6407 7543 3744 2746 7715 9856 7375 4975 7878 8673 2027 5439 4885 9737 8689 7484 7131 2062 7531 7432 8899 832 4343 5994 8338 7018 4883 9047 9683 803 4103 4010 5415 8199 4786 6247 7814 4308 3221 1570 9602 6273 3424 5538 4367 9112 196 3959 4872 6029 3404 282 946 9838 3555 6804 1289 
69 9168 2452 7642 6668 3929 5608 9942 7402 5134 9559 3992 7383 6348 8954 3847 8050 9546 1440 9975 6874 9415 3654 409 8040 9093 5749 2030 4443 3515 5770 6367 2004 8185 4098 539 7058 6175 1535 3067 3939 56 1013 5628 481 599 3773 9946 3000 7548 6536 9305 2503 9167 18 2884 2115 4664 2269 7807 891 8750 2189 5372 3366 1484 5851 9643 5208 6906 
65 4960 9872 2517 27 4338 9075 7689 7648 817 6910 229 5713 8250 3755 970 7065 4692 8506 3711 8874 1676 1096 8628 9593 5309 1915 5803 4985 9414 2944 5093 1494 585 264 6451 9050 1616 2110 1195 1581 3261 8056 6788 9512 9137 4007 7686 3561 2363 6489 9813 8112 1347 892 9934 7677 1022 8501 4548 2380 4516 869 6546 6537 8799 
63 8858 671 7179 839 2330 271 6092 9378 2860 8237 8966 6554 6304 1593 7359 3604 1836 8700 1307 7670 8602 4774 6997 67 9906 9043 3585 4918 7012 6100 4488 3677 4328 5643 955 8158 180 840 8271 4372 1252 3485 4863 7226 1463 4073 7657 8635 4426 3135 8535 2721 1800 8117 806 8830 8916 2444 1559 3918 6279 124 6202 
60 13 9858 1539 7343 2241 656 3640 3694 3932 6382 9123 5460 678 7430 7158 2439 6112 9172 1485 6160 5403 8325 1226 868 2948 1618 4547 6082 5367 8066 5839 337 3963 3470 9630 8614 8414 9653 1931 7684 8198 3372 7366 5626 3658 5576 3861 8104 8929 6103 2405 7457 2211 426 9535 4683 4268 4956 6625 7492 
67 1579 3233 4501 7511 3911 7380 5815 7323 3764 4784 9761 9777 2677 163 9494 385 2238 1299 8645 2562 3532 9254 2230 2629 7753 1709 4582 2539 116 7989 986 6298 8886 305 3152 1054 6644 8599 8226 4557 7231 2128 6695 8303 9566 2081 4245 3206 4427 5243 4296 3586 7376 8203 6832 8708 7164 3607 6762 8374 8619 966 2809 8631 7775 5211 3399 
58 6975 9764 2795 8399 89 7969 9130 4560 2085 158 5883 9229 1245 9107 7316 1028 4388 1693 4241 6856 9812 7195 2857 2276 8248 3771 6908 2413 6772 998 5409 6594 2226 2432 6940 3293 478 244 4886 260 5866 725 3864 3023 8852 7998 9766 1576 7604 509 1798 2385 2041 4461 6157 3059 2623 7917 
63 7849 6950 9282 3076 6425 9037 6294 1140 5237 9352 3462 1325 3323 4227 3118 2053 3091 5228 7379 7356 9240 3770 2843 9203 615 7209 3402 8815 5289 5834 1489 2977 2404 7588 4829 1409 3211 8610 3662 3971 1351 8116 285 7285 8379 3666 3967 9386 6458 1534 9603 3022 2545 5016 9025 1266 8218 448 3474 1875 7533 1596 2894 
65 3922 9890 9360 9887 8152 8870 9492 6258 7516 3735 4186 3557 5949 1604 1677 8958 7347 7296 3520 1253 3777 789 4958 7610 7503 4990 872 5292 403 2017 430 4161 382 4213 9232 1713 1469 2740 3376 4836 2229 355 5799 761 3475 1561 9926 5933 1155 4342 7987 7486 3352 8032 1305 7518 9563 8880 4954 1079 2985 3038 5991 4978 3767 
64 9106 1641 2996 4447 7494 528 1192 3618 6474 9382 4123 2775 2569 682 4069 6128 7840 1888 4044 5935 9153 9634 360 9173 7068 1389 5766 6025 7308 4382 1829 3828 6414 2251 981 4549 6180 3319 3602 4706 5655 6054 6140 5087 7535 7420 786 5145 142 3613 8622 3559 5158 9082 9759 1404 882 1464 951 9645 7978 4418 4747 5738 
68 1587 4760 3756 474 9826 5952 5475 2069 6416 5997 8829 2965 1025 5654 5229 7087 2301 3079 1784 5457 6978 8005 5074 3176 6666 4489 9917 7275 6648 9092 4696 5869 8371 6915 1936 3942 6450 5214 2326 3213 3499 830 2425 3184 6739 1471 3245 1116 7940 1922 8229 6840 783 695 983 2962 3909 2514 3197 3962 3072 371 5481 3106 3334 2155 3386 6491 
61 8097 558 6257 9248 5503 8170 4660 874 170 2756 1429 4009 2339 3186 6618 8970 1342 8911 5760 437 1304 323 4726 203 4544 1799 8350 9007 1934 9490 6143 5993 2428 5220 2549 2278 903 6306 4094 6689 9162 6839 2580 5111 2932 8173 5735 7567 6858 4505 3998 2976 9208 7930 2737 9003 3008 9330 3285 8887 4964 
62 3363 7256 8653 314 1956 8080 702 9755 3866 2253 3845 3716 1430 232 4323 4969 7960 4465 6162 9949 4110 400 3908 3742 4533 5405 3174 55 6192 7025 2759 1636 5356 8190 775 2043 9674 5236 4404 3007 2974 3012 6937 9333 1019 4485 8433 5091 7505 5812 717 6921 65 7726 3816 2273 3062 6955 6587 7908 1298 3082 
63 8598 5046 2146 5383 8447 1842 6640 6482 6363 1964 8530 571 9096 2912 555 8913 9745 7489 3489 7111 7693 5183 9317 4679 8318 5329 6773 3127 799 9118 9800 1094 8422 6439 5746 6991 2245 7829 2660 3371 3718 438 913 8930 4216 3338 3726 8456 2336 9201 6248 7125 9285 4702 12 6303 637 8589 8514 4419 9343 1651 694 
71 4467 8220 5062 2414 3704 6001 5532 1704 3149 6961 7699 1737 2168 4018 4192 3332 8754 6990 6057 2409 2247 1064 9798 5900 1118 5121 8067 7082 9247 2946 5352 6018 8686 2235 406 2082 6208 210 6743 8713 8175 112 5741 4704 6387 4202 1291 463 6043 6549 4225 9275 7451 4620 9691 5155 8836 5665 4320 8533 79 6360 990 3148 5948 5712 6947 2668 8114 4915 973 
67 9888 1472 2091 5388 553 9747 7394 5153 8841 6620 8193 3036 9678 3267 4183 9955 3528 7369 5512 6550 3130 7462 5547 7536 1708 1548 9780 8769 2998 3136 7792 9672 3894 8762 3674 7909 2224 9140 3359 302 9647 9465 8537 6232 4405 5194 935 6831 1814 1162 7301 823 3066 4105 4381 2094 9947 3457 2904 340 8978 9188 825 7718 5320 2338 5107 
62 9049 4852 5955 8383 9992 5903 5917 487 16 8261 3391 919 8651 8924 8564 9235 5784 1167 2161 5278 4641 5070 4064 6707 6999 4100 2262 4402 1870 2657 4943 2372 9325 3047 1537 2663 6343 8491 9144 8459 8 7716 1605 118 7092 146 5932 8632 3163 6335 9074 105 5882 5586 2544 145 3633 3422 8351 6164 697 63 
58 746 2191 8121 2874 5794 7384 9224 2293 4200 5797 9831 3783 6427 9272 2738 36 5757 3215 6567 3487 4647 569 384 5291 564 510 6429 8509 6291 3609 6072 3657 758 6977 2341 8519 3891 5131 2022 3337 7372 2816 7530 3673 4210 3498 2694 4681 8672 5936 7106 5526 7435 5621 2556 2901 3021 6014 
64 6570 9714 5160 6982 159 7222 4170 6871 6925 5456 2664 4983 5671 6634 308 1998 8741 8377 2403 7629 8593 790 3330 5412 997 3453 865 5894 6024 2675 1223 5606 3096 9252 2283 3886 9893 5810 6039 1743 5335 9746 8021 5743 7391 6733 2875 9036 4012 2434 5819 787 3649 8979 1881 9064 2881 7837 7850 3540 362 1868 819 3595 
60 3423 9211 5837 846 4166 1285 2715 1520 1422 5968 9428 3292 8046 1760 1412 8968 2232 9044 9149 8974 5687 391 3546 9575 642 1747 1948 5691 3321 5450 5075 6433 369 9830 7626 9046 1450 7350 1563 1075 7825 9319 4022 3593 2575 3676 3994 8742 6053 9032 7477 415 6305 7900 5960 7934 2213 6843 3375 5921 
61 4065 9328 596 4797 9695 7695 8481 9699 1275 7230 1124 3139 9625 7974 2359 9356 6437 499 3745 2233 4289 7765 8794 6918 7863 39 8824 3839 2121 6811 9160 1103 1142 5373 6841 2714 9513 6962 4453 4653 8795 7797 6934 9775 7862 7169 2162 2597 8576 2065 4008 3015 6327 5907 5256 5092 3101 2850 4707 8096 9478 
62 934 7205 4246 8386 9743 6778 477 3844 4476 1239 9258 4314 5499 43 435 5274 2064 6331 1083 5028 5514 8677 2426 798 8844 6763 225 6684 7696 1308 4317 7184 2888 6924 9169 7591 8269 3031 9016 3445 5338 3809 6067 5364 723 4462 4848 1297 1583 3948 4531 2478 253 5032 1655 7861 6626 7806 4364 6121 5486 7010 
61 4189 1568 3025 476 7015 2005 40 8438 5612 5005 7482 706 6985 8410 6686 7278 9324 8398 2624 1792 392 7522 7906 8907 6310 3819 8390 6996 7035 1353 5299 3370 9011 4492 5806 9998 4924 4861 829 1844 944 1949 2196 242 9306 1183 4468 9022 9557 6943 5985 6503 4532 166 6823 9444 3381 6680 2296 7272 3116 
61 5832 445 4049 3452 6796 7496 4802 968 7742 1241 7249 515 7637 4722 6752 9583 1149 7660 2039 1519 1671 7875 7284 4519 8857 8861 2390 7860 4602 5581 8871 5443 7763 4955 8139 324 9487 8429 8947 1901 4333 1324 2240 8382 2074 3699 1900 7220 8685 5615 6222 1396 5215 4913 2999 1801 1678 2493 2957 2661 2288 
64 3187 9488 2765 8207 5984 7611 4239 2469 4442 7528 1016 8663 4304 2057 8201 6359 5772 4348 9314 1193 1971 2835 8917 8889 4101 9871 7429 9303 1102 4748 6156 5104 982 4727 7155 7994 5957 7410 9480 6307 1101 122 1343 7565 9132 3307 6592 4651 6501 3447 632 6797 6761 6920 4479 6637 6184 9383 5050 5897 5681 8753 411 4131 
56 9371 6956 8394 2785 8017 5185 1700 3954 2914 8714 4104 5796 5167 3281 9133 8812 6535 3675 871 5384 332 4243 686 7596 5852 9618 1056 4180 1249 6696 318 7212 5642 1117 2975 7103 7373 6571 7780 8212 890 9682 3626 4624 5657 2991 4631 4877 3993 378 7002 2807 2594 6561 9827 5707 
65 9475 2209 3265 5326 2496 4701 6265 3027 9646 7864 8547 60 2013 9937 1794 740 1521 8737 3420 6538 5878 9658 1692 4124 9526 6862 8294 8552 5441 2316 5108 6665 8384 1294 1504 5270 8031 6653 3574 9717 1033 4299 6336 424 3414 9237 165 7211 6031 6109 8411 6848 1318 7754 9523 1594 3547 5344 8776 8918 1638 6235 503 1397 6479 
59 3636 9543 3288 7030 1348 8740 544 6655 3201 9785 2430 5423 2126 7668 8006 3335 80 2158 6750 5843 2558 5314 5064 7645 1214 1303 3094 3730 6945 866 2739 4332 5978 6607 2727 1161 8702 6288 248 9779 3714 9711 9341 162 7263 9631 7967 8902 5232 4020 581 2275 2448 4895 24 1739 4708 4605 7260 
57 3590 1204 2086 1424 256 665 9042 4311 9095 9752 4005 8266 4302 941 3151 7675 4185 5769 6277 9973 1986 1899 7939 5442 8507 4295 7157 3390 4011 3026 9716 7681 7159 9999 7273 4654 5980 2460 807 6381 3017 7434 3980 114 2437 4783 5764 2885 2311 4026 4384 9164 6442 4832 9841 9510 2084 
55 3491 1386 9446 6347 2152 6635 7244 2526 3702 8701 4639 2391 1222 3871 3480 1730 848 8025 3398 718 4818 1825 2897 9218 7459 9694 8436 965 1866 938 494 6204 6334 6877 6760 6958 6469 8086 7627 2773 8102 7905 699 9977 2454 6907 7730 9642 390 6266 9388 1106 2016 496 6246 
55 9014 9594 6543 1312 910 3333 8003 1278 9384 5574 4001 5714 1547 771 1944 3429 550 7455 6385 9835 4732 5488 609 2686 6063 3382 1146 6670 4258 4538 4740 3004 5272 4911 992 6193 4876 2628 1388 423 1966 2025 8192 5996 1287 8935 2749 5548 2616 3645 2969 7422 1212 4821 1648 
55 660 3562 4671 4303 4392 3972 2813 4650 3350 1597 5598 1907 5726 5867 1865 1368 190 2281 4174 4095 3379 1000 7009 9187 9739 6601 3700 57 6706 1783 7778 999 6353 8034 1073 1190 7783 6333 4233 6642 770 8127 9508 8045 814 3237 2862 9134 3406 9422 5507 6542 9109 6413 5453 
57 3766 8546 8364 4794 2365 563 3855 9076 6556 15 7086 2642 4377 9362 6312 9994 204 7135 3262 4178 4435 6927 8616 4430 9365 2682 6749 6591 3786 4421 6075 2219 7834 1906 5422 801 7357 2662 2898 1992 6095 1251 6855 1989 821 1841 1978 1834 8197 4973 47 4352 3074 7362 7153 7911 969 
54 654 9960 9213 7708 8415 5476 3005 5855 5940 3412 3049 147 5863 134 3513 5315 9451 5822 3340 4163 7407 4504 2120 9372 781 7005 1853 1830 2527 5737 1828 6079 2411 3046 7510 2344 2665 2827 9000 9519 2356 9550 4449 9903 1877 262 5813 7107 4695 2902 6960 1946 4625 1154 
56 2378 1833 2607 6597 9584 4944 8717 2479 3898 5066 4181 1133 6551 513 5587 4134 4880 8993 597 2646 7037 6586 1045 1003 1972 5782 1885 7363 169 2187 418 4496 1403 5899 4035 3244 9701 9944 5164 1159 1077 765 8998 9652 459 4907 7683 1449 20 5685 1369 4353 4256 6179 1993 7417 
56 5254 3123 1387 7720 3630 7458 6509 1608 8445 2137 9915 5901 1854 7988 9183 3934 1354 5510 8483 7709 1694 3743 2928 2325 5347 9300 9233 1761 664 2348 4414 5505 6078 7221 6905 2910 7141 2045 3252 6132 1945 3874 4173 4121 8633 2732 1716 1518 5549 9698 8895 4600 5432 2431 1268 7899 
51 1813 8698 1846 1060 8934 2933 5895 1049 6073 9719 7381 8281 3114 6286 7927 8642 7835 9562 7039 9332 3290 7589 5306 8807 1719 9588 5652 4240 6617 398 6938 524 4499 4846 4606 1384 4558 3990 3627 6661 6478 8823 4196 2567 2776 9723 2467 7066 2952 5392 85 
52 4077 9194 5336 3765 8952 479 6889 9836 2395 7773 35 3479 956 2136 2679 3802 5071 7419 59 560 6354 7830 1044 855 9845 643 8796 3692 3458 633 5199 1611 3615 7762 6394 176 5871 5684 3053 4000 4613 6139 7354 2812 6916 6169 7968 7246 5375 7537 2528 7820 
57 570 6791 8440 5492 9202 6664 3099 9079 1558 4391 9721 1674 690 6446 9182 1127 7993 2415 5045 4898 5096 5963 4284 8956 1280 7532 4578 5972 475 7102 7172 5026 5880 8133 5003 1502 2453 3263 3566 2458 9639 4041 269 9318 1447 6289 5521 3369 8146 4820 7214 9615 2532 9782 6173 7936 2436 
53 5500 7639 551 7014 2693 130 6563 9263 215 6822 6452 2920 5925 996 380 4003 8680 2989 9818 1233 9090 4687 9703 4667 2314 7118 3269 2893 3108 6837 7196 2593 5013 354 2133 7943 7241 8457 3357 3793 2471 4537 9849 8308 6040 7713 5536 4947 3345 3970 5365 5988 7688 
58 1048 7760 6557 8835 2954 2263 2003 3620 5724 3347 7203 4948 2129 4387 1174 9853 1871 3481 9363 7091 2100 3273 8821 5611 5063 603 5122 3983 9609 3137 4434 3418 8310 9070 1656 7127 1582 9532 3789 8600 1979 708 7933 5316 2978 6782 9886 2990 2938 9542 9045 574 3758 5635 8360 7747 7341 7234 
53 666 5147 9727 6720 6857 2205 5632 4607 5182 1659 6753 7149 6676 5596 8001 1098 1427 6708 5059 2867 3055 5000 3356 5198 7809 1914 559 4167 5971 3512 6884 9776 5672 1565 9401 3738 7904 3538 4242 7902 8179 3478 7601 978 566 2537 4811 1010 8743 1991 1522 8180 9941 
55 4473 8184 436 8657 6151 5462 9052 5910 6681 5705 4530 5201 6244 311 7592 4017 565 2955 2243 991 9012 3817 292 916 2014 8883 7276 5842 9122 5982 3639 9659 5331 912 6083 2602 6604 657 1332 6081 1381 6467 9503 8243 3752 1580 235 7192 1705 4680 9071 9866 3403 4014 9837 
55 1826 993 8961 8590 2442 9506 2169 1197 721 238 5052 5670 3439 8581 8518 3167 2595 5397 7761 5175 4728 7345 1630 5249 9651 3849 1952 5073 989 1552 3463 4109 9409 505 4752 9726 9920 6314 4429 4203 5762 7827 8287 2729 4908 3493 5864 9001 3760 5491 4699 8744 9555 8964 2497 
51 152 5524 5535 626 1365 5886 1139 5349 4777 5313 1441 6500 6616 3644 4089 7981 6163 7703 373 199 1182 3982 8337 9280 198 213 5191 9673 7888 4800 64 7823 755 3737 2598 4806 6383 1755 8923 2579 2865 8323 3706 9170 4936 516 9474 4643 5551 8932 6301 
55 1574 6891 9445 5944 5846 9756 502 7449 2037 663 6211 2279 792 851 9795 8249 1603 468 1020 1360 3863 4401 2610 1085 8512 412 5962 9091 7924 3287 7898 4406 6725 1652 3621 5605 8822 7504 1696 7137 7469 5824 6774 7666 7972 4584 4798 3354 2329 8228 8317 8062 9847 711 3810 
53 3353 6638 773 6671 1196 446 4214 2252 7232 6922 9629 949 4627 6411 3741 9898 9495 4025 6230 2071 7847 9760 3191 7213 140 8605 6809 2967 3054 6338 4756 3576 4570 5688 8313 8571 9758 4301 3395 2222 1699 9486 9948 4326 4369 2844 9705 1629 1615 8941 4235 447 9154 
51 207 1599 994 7918 5195 4937 4436 3291 1961 9391 9909 3272 9753 243 8274 5975 4792 3105 6914 3548 4316 907 8435 2811 7962 9381 245 5956 1571 1169 8336 5389 8304 591 7095 7749 8467 2934 6254 3577 7019 442 651 1762 2105 3421 5774 7839 6952 2217 7796 
54 8424 8407 3171 7115 128 9732 7351 2048 1210 2358 1165 8500 9439 6295 8460 9851 7597 5382 1526 3315 584 8611 8231 8115 6174 729 9923 7725 5943 8860 5485 6104 2379 3594 7879 1058 1733 8380 410 8881 6852 2669 1372 5300 3713 3351 4411 5805 8731 9505 7470 1533 126 98 
53 4611 7822 4922 5967 5209 9951 3903 1417 6275 3405 6876 2992 8417 9864 5639 4630 5090 5763 4652 8617 3494 7282 7560 3095 4218 9002 5727 7013 4207 6714 6758 5464 2118 8608 9801 6525 7497 3032 6342 3521 2987 8940 5337 2667 3940 6783 103 7817 6320 6240 5410 1185 9307 
53 5465 8246 6785 1339 1067 1818 4909 1059 9139 2401 7185 675 4350 1258 3341 4413 4864 6711 1256 1647 7355 8106 3284 2589 1838 3271 8550 6048 6119 2692 8196 1640 8016 3255 3751 4982 4675 3691 1018 9539 312 7287 7583 455 2257 6415 172 8416 5928 119 8879 1778 3143 
56 4466 7313 9031 3856 68 2 8327 5400 837 1217 4788 6519 9406 8423 7163 8042 1248 3229 2513 4921 9654 8335 7941 1459 3923 4090 8279 8254 9712 8283 4614 6802 2200 3085 5393 1684 5750 7398 1296 827 2621 9379 4176 195 6569 5629 9962 5569 9894 2911 4998 5591 3901 9544 9354 419 
51 9435 6227 1831 5041 2649 2482 69 9884 3696 9907 5307 7572 456 1238 760 800 356 7661 8466 3364 9029 5701 2389 5417 7388 8007 2704 7044 1221 7673 7437 5098 1286 9083 8208 7403 5203 2102 8010 2824 8510 9978 856 1981 638 3173 9748 4512 3857 3504 4275 
50 7576 5030 5097 3693 5206 5031 1675 9817 5151 5436 9165 4076 9394 1904 9380 4874 1477 7268 1724 6238 529 5579 4546 3806 1892 8341 669 2757 9323 7438 6400 2488 8233 8300 4686 2742 8785 9086 8252 9335 1375 2261 5196 240 8195 8225 1027 5361 6898 8909 
47 7633 9688 5245 5555 61 2971 3762 5148 4677 7022 164 2771 6971 8641 4229 7815 5304 7873 8939 7247 4713 5379 7053 5622 9560 3890 985 2886 7208 8817 853 9102 767 1982 296 2553 1527 809 3842 8749 7100 3092 8037 7593 1665 6135 1363 
49 5057 8039 4349 2583 548 7173 6935 9632 3126 4622 2201 9241 1138 5916 4524 3905 8876 111 2509 5951 6252 8413 9179 5854 7739 7167 1416 9852 9066 6512 7585 7476 4618 1164 8473 7 1041 9722 2443 349 4150 894 9353 573 4274 9452 9650 6061 5674 
48 3815 7175 1734 8134 1014 8130 1053 7845 1293 1282 9989 5170 9310 5496 1532 6606 8391 3484 7400 2887 322 237 9769 680 8650 2970 8942 9598 1886 255 5419 1578 7225 2112 6987 9663 2347 4283 8962 25 6534 7705 127 2959 6496 4881 283 7559 
48 4764 1752 9136 5934 5345 9891 6459 4386 338 9462 6049 7349 3651 4953 8528 358 413 532 8047 2826 8721 9434 6182 2551 1458 270 4146 9276 2309 6110 2988 1619 1335 3935 4536 9472 7055 1974 5101 9124 3946 6490 3796 9423 953 6810 1177 4659 
47 4119 8315 9718 6687 330 5156 9219 4926 4152 2036 167 8365 1735 3192 9338 5146 2132 8122 8369 8296 7554 8855 2833 6721 673 8601 5114 4340 7836 1225 2070 8921 7495 776 5788 8557 6066 5180 6631 4746 6059 3355 9991 8784 6639 3080 2480 
50 2636 7047 6980 1247 5653 2418 8890 3331 873 5542 8726 964 9461 1767 3678 6872 5793 546 7000 1292 4179 3926 6345 4448 5718 1114 6492 6403 471 2087 7027 9511 5616 3217 2172 9357 6391 542 6517 614 4319 7595 6011 616 3734 5729 9161 8470 8194 470 
50 3611 1492 3551 8927 4996 6864 7026 9772 443 1787 1229 6167 3625 2613 4193 3086 2009 9067 5192 9689 6582 2148 1128 6388 1661 6418 2869 5662 6953 1763 595 7023 4451 9911 7067 8340 6071 3862 8014 8789 9661 6293 889 5386 2170 3906 6755 6737 5418 5644 
46 4753 957 1191 9104 1066 1051 676 2841 7436 1994 9467 541 6361 8251 6473 3304 8013 3110 5327 4375 1034 3246 580 639 7615 3129 9419 4596 1523 9611 5458 1180 4508 5902 9399 9377 5575 5515 5582 7542 5787 491 6513 7194 7996 5638 
47 4398 4634 3482 8026 7331 4917 4529 2966 5102 3346 2298 7872 2313 4341 1007 3565 7776 2040 6098 5219 1873 914 2837 6220 3343 4623 5242 1240 8156 2208 672 3965 668 5172 2856 3688 6838 8522 7788 480 1967 1071 5970 3826 8443 5561 7021 
44 7662 816 4632 8143 2459 8872 4976 7679 8991 6826 5433 4566 6764 4938 7390 4292 4140 7706 310 6948 4215 2576 1507 5346 2949 3641 9525 5816 4595 5061 3296 458 317 5872 4036 1811 2926 5795 5633 6008 7997 8387 9163 2994 
45 6845 5130 3681 1779 5461 7986 5117 1575 408 8933 1917 8263 1620 4500 1849 8260 5533 2382 249 7290 6006 1726 9421 9564 9040 3204 17 1366 4604 9432 3178 5961 3358 2160 464 5402 6833 9579 5849 4793 5789 3913 5273 8392 7364 
46 4974 4574 4259 3575 8586 3951 6410 8765 7607 7691 1151 6979 2680 8004 2947 3313 6705 1754 2184 2520 600 9455 4157 7656 4934 2445 3068 4143 8563 2650 3788 4206 9834 6116 5437 9450 1718 7618 181 9900 3601 6074 578 2561 6017 6441 
47 9155 3827 1038 9635 7120 659 3518 3707 3680 397 4942 4221 2774 2499 6436 5802 5704 893 8511 2924 8284 7443 5438 4723 512 2508 7499 4438 7248 5399 4056 3142 4899 6568 1513 5449 3002 9819 7602 1470 2498 5870 2067 8771 3769 8307 8465 
46 3709 3877 5557 9366 7329 7060 3259 5585 5860 4355 7406 7800 5742 6615 3018 6572 4272 5781 4153 1589 3147 7312 2645 844 1063 3400 2798 4946 3790 631 5034 4781 1432 3624 9225 9004 9342 5294 7970 4412 7741 5280 845 3808 8696 4331 
44 3216 5703 8183 2335 3579 9304 6150 6177 4716 2873 9540 3348 8463 2194 1549 3320 8330 5420 76 5428 4930 3568 1135 1453 8221 3869 6315 8684 759 5078 2641 1902 6290 6986 3224 5728 8955 7517 3663 5054 8945 9724 2504 9914 
44 6197 8579 3235 3534 5545 3278 1152 2747 5783 7361 7777 6652 420 1120 7374 4262 83 6224 2044 1262 4288 7146 1392 1598 1391 5394 4482 4860 72 847 3600 401 5089 9331 6899 7520 6431 4297 4682 852 2291 8151 4037 2681 
41 2417 9157 416 5965 8052 2506 9484 4175 5610 1770 9939 4145 6296 7876 3277 9983 1585 5497 954 1905 1530 2006 2951 2564 1654 5640 7964 9693 5754 4920 7454 8408 3542 7717 4961 8782 4762 3279 9410 9558 7368 
45 5482 2652 7606 9791 7475 4067 6032 1505 8820 9489 4858 3297 7393 7748 3544 4831 2183 5601 4564 3416 3686 1261 157 3747 8578 3102 2312 7999 7563 9875 9516 4142 151 1703 29 1129 4155 9572 3687 4337 6377 5618 2810 233 3818 
45 1109 1143 3169 8977 8120 5298 9754 7621 3667 7526 150 9437 2525 5434 2320 8894 1493 9964 5689 7620 7623 7702 4312 5565 1606 5295 1156 6853 3433 1201 9125 7255 7302 6801 5776 7048 5660 8810 730 7050 3668 8640 2249 3444 7641 
40 6392 1660 8948 854 7253 9735 9520 9708 9302 7513 3427 194 465 3850 4782 4591 1919 2842 5817 3377 5067 700 1456 8534 5573 2700 2726 148 9656 5888 5452 1628 8302 6076 1209 5559 2716 2349 9918 6835 
43 7324 1359 3503 9131 6699 4046 9190 8910 2801 8178 1009 8488 141 1326 6515 5429 715 4019 6954 9466 428 7682 947 6904 4027 2972 9551 4261 6734 8703 9142 6608 7736 9610 8763 8084 4407 7923 8061 8596 6271 6974 7774 
41 6190 3505 2000 9236 9811 6516 2352 4393 1203 883 5053 3785 9548 4440 2502 6213 1701 5820 5072 9355 4902 2466 8667 2407 8321 3378 7314 5920 9009 2543 4013 9205 1731 2751 1786 7521 7478 8959 9786 5284 9556 
40 7674 4759 8432 7183 3919 8906 1390 2394 6027 3205 117 9186 3234 135 7450 8573 6460 7056 8426 5720 3461 7271 5479 6146 7129 1216 8674 5641 3749 346 1529 3578 8393 9953 7094 5231 624 4775 7555 6405 
42 5014 2648 1130 6245 7042 2384 8273 9974 791 8834 6866 1194 200 1679 3545 6210 3146 8813 2080 7001 3034 1706 8908 8982 5487 3231 7064 1803 2871 748 6886 1514 3572 5305 9620 8174 1181 641 3120 9358 7885 1627 
42 7148 7613 9589 3701 9940 5516 9454 979 8937 6727 8791 4550 4724 8458 7651 3637 7950 4882 1742 9311 5808 9024 4365 5775 7200 9297 5205 2492 8973 6589 8825 4932 8101 1153 6316 8772 2778 4490 8409 5285 4502 8265 
36 4182 2563 2297 3051 6402 1756 1600 1631 5360 4703 0 1306 987 1290 1215 9072 8722 9389 7692 6365 733 8707 3253 9530 1850 5625 5722 5363 8202 2784 6619 121 8068 796 8548 2936 
36 1577 4662 1691 8073 928 8464 1465 5896 81 3090 8264 7869 4785 3835 4431 8222 6378 2019 9736 4862 1517 9570 8087 211 7143 4894 4731 8405 7140 7659 2883 6141 5275 4437 4556 2879 
41 7782 3075 3181 457 6623 1772 3373 9640 7980 3318 8381 7605 9078 74 2542 7097 594 2590 1460 2780 9250 9448 8901 9877 8288 6396 2047 2702 3089 104 959 8748 6636 6583 1874 6022 5527 439 6673 870 341 
40 8995 5370 2351 3899 9251 8624 9268 684 8526 7061 1898 4190 4031 4579 8215 2891 4914 115 9081 6757 9299 3525 388 7514 649 4541 1625 9085 6691 5469 7945 1475 9176 942 6499 6325 8110 6573 6371 4254 
37 138 9440 766 7011 6493 1442 9899 7769 3275 9329 8679 2331 5862 8728 7942 6893 9664 1698 683 4776 958 4814 3740 226 4305 3569 9171 2787 129 5995 8075 7490 1930 4287 5950 9438 4962 
33 395 5467 8166 288 2755 4144 4628 7870 6267 901 670 9178 2068 8008 6145 8591 6701 58 153 8095 407 8028 5631 608 9521 4208 579 8738 3154 2953 6932 9018 9860 
37 78 1764 6488 5583 498 8778 7279 879 3610 1689 2337 5911 4306 3989 5530 4293 5998 6510 3464 2632 4226 1413 8295 2290 1645 1955 4016 8312 2831 3413 3070 9101 8555 6447 8682 3024 4585 
35 9988 7006 9850 7397 736 1560 3907 1515 610 8569 1302 1802 9231 4334 3228 8191 8558 4992 3368 5027 9935 6968 6106 6768 9981 3276 8868 1729 4269 1078 6080 9905 4222 6012 6830 
37 4071 4980 5613 4757 7894 9416 2323 6280 2375 1344 9762 2289 8262 5100 3794 7032 6552 7237 4074 8329 604 7779 8276 3928 7570 8643 5572 1084 9226 8664 6196 7687 5380 8542 547 5398 5953 
31 8044 3860 7487 9568 7752 7151 6000 91 6522 3647 7680 8206 6138 1023 8035 1352 5426 6438 4656 1376 5554 8444 7582 1510 9493 6825 5649 732 3045 2523 1851 
34 2182 5241 4507 6168 3410 8471 3122 2106 466 6215 689 5425 1074 161 1402 2033 6471 9996 6611 5594 2292 5825 6526 9195 1356 6126 4075 6465 9637 714 3157 1428 5698 2634 
29 8267 811 8565 2599 2239 3164 1243 8532 3882 4577 4684 5964 8755 9222 9411 7310 4815 618 8720 1624 9965 1478 9715 7895 5184 8363 6784 3057 2786 
31 1938 6770 2524 5696 1178 8418 1996 7117 1525 266 974 4520 5592 2153 3721 6719 9 8148 1488 9295 3539 7041 5494 6913 8136 9193 4270 1454 2942 7319 9403 
30 8786 7794 8543 6046 8833 2212 8462 5637 6409 4444 7330 4833 9862 8691 7701 1046 8135 1736 9471 6443 2362 3097 6070 8275 7600 661 3800 6159 4058 3580 
28 9601 862 6578 2916 9286 9397 6912 1639 4137 1433 2207 8877 8089 4515 5332 8140 9595 8529 3535 650 1702 8054 3900 9062 5221 818 2895 9697 
24 8404 4474 6819 3746 1250 1562 4694 5506 9808 219 6800 7328 2370 4410 568 4669 5827 381 1591 2366 9840 5225 1237 5002 
25 2265 4581 6600 7581 5116 5244 4828 888 9660 7105 5603 4383 123 5259 3723 7069 9214 8900 7168 3140 4029 6909 6751 1714 5178 
23 5354 90 6765 780 5058 7891 174 743 2846 4822 9545 7267 92 2882 361 4819 9749 9269 6880 2210 9374 8770 2925 
19 1753 405 6231 7976 6221 2021 739 5297 3507 7007 9796 66 1977 483 9578 7444 160 3712 2907 
20 8078 3968 3782 3560 9669 4126 8798 8577 9267 6697 4032 2656 8752 9823 1613 7425 6964 8735 6108 8965 
20 7937 3210 281 1822 8234 3242 3300 5390 7046 7257 1166 7072 5627 5651 4133 2449 6131 2486 5715 9950 
18 701 3198 6152 9200 7191 7116 7598 8840 5568 7336 9704 8996 1910 7963 3768 9638 3655 2796 
16 1566 2711 8339 8027 422 7790 184 1121 1032 1680 8878 2216 5468 4253 7303 8485 
15 5798 1595 6754 7650 473 5010 9327 2802 8859 3853 2484 9597 3029 9265 1859 
10 8346 2766 598 8204 943 2260 8189 1006 3597 469 
8 3873 5262 434 793 1749 8113 5676 6662 
10 6603 2195 6815 3430 4079 7816 4572 4439 9026 8030 
8 5777 9561 653 1797 3078 8626 6957 3397 
7 4616 2847 9790 6989 4780 5099 7669 
6 2198 5171 9035 2174 6019 315 
4 6669 2135 9919 8809 
5 1415 3417 2373 4663 8729 
4 7566 8476 5578 9028 
3 1377 3508 7956 
2 750 1357 
2 7883 347 
1 5233 
0 
0 
0 
0 
0 
0 
0 
0 
0 
0 
0 
0 
0 
0 
0 
0 
0 
0 
0 
0 
0 
0 
0 
0 
0 
0 
0 
0 
0 
0 
0 
0 
0 
0 
0 
0 
0 
0 
0 
0 
0 
0 
0 
0 
0 
0 
0 
0 
0 
0 
0 
0 
0 
0 
0 
0 
0 
0 
0 
0 
0 
0 
0 
0 
0 
0 
0 
0 
0 
0 
0 
0 
0 
0 
0 
0 
0 
0 
0 
0 
0 
0 
0 
0 
0 
0 
0 
0 
0 
0 
0 
0 
0 
0 
0 
0 
0 
0 
0 
0 
0 
0 
0 
0 
0 
0 
0 
0 
0 
0 
0 
0 
0 
0 
0 
0 
0 
0 
0 
0 
0 
0 
0 
0 
0 
0 
0 
0 
0 
0 
0 
0 
0 
0 
0 
0 
0 
0 
0 
0 
0 
0 
0 
0 
0 
0 
0 
0 
0 
0 
0 
0 
0 
0 
0 
0 
0 
0 
0 
0 
0 
0 
0 
0 
0 
0 
0 
0 
0 
0 
0 
0 
0 
