43 3156 5497 1992 8630 8271 5113 4885 7475 88 2571 4665 19 8736 2465 672 3245 1773 2385 3579 4969 6893 9341 9045 3584 5473 9641 5569 9264 6085 7397 1508 2769 8032 287 1669 1971 2833 9873 1044 2080 68 4631 1131 
40 303 8703 4059 4377 8518 6807 84 677 6110 222 4894 9627 8406 3972 7685 24 4706 8856 8367 2305 5300 5425 8854 715 5464 9190 6407 8597 6923 3231 2274 9687 6284 7961 6117 891 7853 1427 7476 2090 
38 4839 4094 1138 9084 2576 7293 1438 8149 9851 9768 8351 7965 1609 7471 8158 1323 9127 5304 2399 2141 779 4066 4944 7312 3016 967 7276 5132 9471 1283 28 5277 6140 1116 7896 8398 7426 4177 
39 1335 606 7429 5299 1528 5445 1315 1066 4833 530 7553 4307 2603 32 3411 3208 7442 4713 9685 7512 7103 6580 3054 3845 5291 5391 6179 862 8335 7130 4253 8565 349 5506 5455 5778 1760 936 7214 
44 445 2949 190 6783 2920 9698 769 9544 7928 273 9254 975 8484 9306 57 8190 9429 2143 5012 9370 7048 7874 4300 3436 1402 4699 7770 8628 3717 3747 1352 3532 9572 7653 3803 5641 2087 2101 2723 9008 1354 1341 7202 1718 
36 3580 3444 5018 3743 9216 6656 7104 4733 7499 1465 5716 2999 3697 4855 2006 8848 893 4227 5112 4224 9482 3992 9060 6593 6980 2484 8362 3365 4574 3142 440 323 1274 5776 7112 3886 
43 7318 9888 1664 9020 2432 5424 9581 8382 6695 8146 7357 8262 119 3129 8112 3170 166 8378 9947 2992 8686 4875 9712 8485 9934 4213 2319 9939 2479 1996 2988 6336 2810 9647 3761 2452 7063 7777 2811 7218 3023 4506 1663 
35 8292 4435 1815 6135 3236 157 5744 585 4848 4225 9347 6048 5406 5234 8694 2140 1223 3885 8876 6865 6122 4270 6008 8750 7285 1640 1485 7060 9946 5229 4745 8389 5318 3804 1633 
14 9913 3291 9548 8258 286 4453 5898 7736 7378 6050 9014 6317 6819 4122 
32 9675 7952 2296 920 3572 2917 7993 2316 4502 7116 9466 3276 3190 704 4643 2260 1521 5933 9054 1913 7631 9832 1338 889 1853 7071 5795 2317 844 1847 3111 7264 
41 1209 3457 1993 6115 5192 3471 9852 6296 2788 9757 4794 6922 4421 3057 1784 9406 6689 2787 1644 711 8395 2151 7847 8993 5849 2996 6332 5724 8725 2438 1520 2044 3075 7646 2503 4132 6876 1014 5233 5811 7937 
36 268 1492 945 4184 6457 3024 565 3555 7243 2696 8425 1441 7477 9751 8945 6587 7810 409 4291 716 250 7562 5323 505 5807 4306 7308 3831 3183 9051 8460 8860 6847 5368 7437 836 
40 4379 7640 7399 3988 8175 3333 3168 2784 3294 2357 502 2973 1550 2686 6663 8783 8640 2335 5043 1692 9033 4297 9554 732 9866 4497 3446 5999 4893 9367 4722 5191 4514 822 2946 5591 6176 1488 2019 6191 
42 3527 1305 9393 1543 6780 3951 9401 5510 6265 519 489 8085 7759 8462 95 100 6836 9473 934 4907 6815 6672 2989 405 5704 870 5452 7638 8807 4322 7107 848 1063 7486 3554 8270 6542 7400 1383 9389 265 8948 
35 7320 2106 7229 6269 3410 6710 394 5751 8128 775 4410 4544 9128 3366 3393 9116 7004 4426 5503 6811 6932 692 1053 5483 9161 9426 9492 450 5796 5826 9266 6489 6086 571 3679 
35 1978 6654 6456 3607 2356 3329 9305 9691 6410 9806 1613 853 8737 348 168 4130 2393 527 2898 1537 6164 5655 1717 733 3177 7339 725 806 4464 4229 1021 7332 1092 3099 4286 
40 8329 6901 7070 6794 6952 2531 1830 423 9274 2941 3585 7171 9610 6805 8713 8629 403 1568 5001 5009 8025 8590 3459 2017 4092 3602 11 467 8689 7435 7838 791 331 6860 2725 1259 3652 1318 556 2276 
35 3253 700 6694 4309 9523 6404 961 8133 1097 9137 41 5955 2275 1862 9679 9645 6900 2330 682 9799 612 6777 8039 2561 6826 5026 8355 5177 8522 6614 3911 4350 8690 1360 5244 
16 1178 3135 4043 6904 7306 3282 9688 2970 2647 5204 3844 5974 7382 5011 8467 9849 
31 4214 8024 8509 1635 3025 6189 3840 5598 6971 6188 3133 4653 6752 1689 1110 6563 2694 3888 2040 4597 9844 517 3955 6347 2807 6696 1400 8126 2785 3380 1038 
31 8204 5890 4414 7975 627 9164 277 3976 8449 6182 4959 617 4109 5866 7224 4869 5279 9209 2515 6009 1320 1671 5482 4853 6945 581 8487 911 7772 7869 5842 
29 6150 8587 1593 1372 9974 3544 417 7188 7092 8040 9394 4656 2233 4654 1518 4624 10 4746 8665 237 9001 7715 42 9798 9415 7034 2310 3408 4432 
4 4679 8088 4580 9488 
34 6044 9935 8978 6916 117 6139 1503 6438 6718 3958 1079 3435 5899 1369 5160 7876 1330 2799 1963 3865 2116 8361 2557 1989 2800 9892 135 1806 8741 5928 4620 3690 7954 4683 
16 8578 7778 996 4539 1516 1603 7187 2826 941 4681 7520 110 652 9059 36 2269 
17 7913 7528 2368 3401 3937 5529 6091 4190 3037 3481 5612 4684 3983 1161 4993 9056 9865 
42 1867 297 3869 5358 1447 4437 5227 3200 5086 6307 5089 3148 7428 6485 4525 6393 1256 6493 193 7415 6196 9681 8547 1078 5958 7417 9962 801 5181 5156 4609 9064 6374 8639 7469 9437 8920 3002 7959 7977 6676 2408 
37 1888 9901 3103 5693 9514 5402 271 4980 8219 4661 6202 4208 2020 2551 5466 2601 5143 1081 8214 4093 5565 4989 4529 9366 1988 3764 4368 9142 3661 6528 5355 3434 2987 8044 2772 5410 9476 
33 4637 9976 9412 7249 610 8832 3564 9707 892 2963 9890 9286 2952 506 4689 4628 3476 83 5906 8512 884 5135 5217 9094 3175 1665 8574 197 4518 5613 598 1909 3277 
35 3257 61 2519 6228 3692 3068 9166 7129 1883 64 5535 5539 8042 7580 1211 6642 2539 2164 6331 4064 3873 827 520 5180 8252 4933 875 2057 3917 201 1279 6052 4701 579 750 
35 7957 2135 3549 1515 2147 6418 3855 6786 8795 9409 1227 6476 8585 4245 9382 7384 2979 639 6925 2875 5372 7573 3127 7674 4912 7529 1916 404 2980 2966 5239 1280 9775 5363 5020 
30 6765 6304 9805 5948 3821 5719 2559 4115 9926 2072 8198 1491 5996 1729 4546 3640 4274 6020 3114 8135 2756 3900 3610 2063 6594 7297 9644 1085 7404 3514 
33 4687 2774 1273 7911 4112 5235 9559 7612 3816 3414 3531 8791 7372 501 5620 2622 2121 396 4776 8917 8705 4259 8030 5963 8852 6531 3227 2692 3920 5148 7303 6295 6768 
10 4829 4644 6397 1397 4769 2064 9955 4160 3929 707 
29 9267 9003 7141 7230 206 4153 4056 1627 9477 9182 3721 9912 3925 9800 2159 2715 8438 7360 4613 6353 717 33 2474 3015 5419 3455 1982 4978 9281 
27 3055 5090 483 2720 109 956 950 6101 5285 7234 2105 7226 8551 5243 5163 9407 7210 7212 1854 9021 1548 4172 5463 304 6795 2409 6828 
26 3017 1313 7465 4171 8708 5087 6767 5237 4705 3316 9790 5495 9963 512 6802 2104 339 1464 890 5153 8041 959 9358 778 2032 3711 
31 7329 5517 8557 5205 6711 9670 6381 6329 942 5193 7686 3866 4986 1123 2244 5305 5367 9130 3788 5221 8318 5428 1112 9587 6394 4162 8592 136 8166 1043 5865 
39 7657 7198 6412 200 1200 5727 4428 1054 8059 5189 615 583 6098 6649 739 6279 7873 7000 9405 1340 1741 6064 6162 7848 6299 8841 3472 6891 8205 4534 8295 4010 8488 3716 1395 1019 7976 1210 1573 
30 400 6069 3546 3616 2838 5335 3817 6742 7114 761 1407 7941 8257 8261 9923 1592 1716 4663 991 8254 9062 5945 6926 1832 7158 1026 9032 2197 3702 3134 
29 3371 4349 3197 6466 6361 9202 1557 4034 6216 1968 7448 6201 9778 2477 2959 8492 8896 4440 3805 895 4166 2860 9540 2727 7084 783 2286 7051 3492 
34 6822 6724 8342 2735 3005 4761 3830 7406 8055 8157 6924 2738 4031 1272 3993 8062 3666 7525 6921 3461 4045 326 1307 1154 3404 9093 2406 8224 8608 7514 9656 2196 9661 2287 
30 8699 4080 7430 6706 3891 3513 5477 7263 1500 3773 3793 4782 4318 5583 1429 8583 5301 3342 1578 6459 4073 2266 3306 7932 5604 9604 2752 6955 1139 587 
31 6875 3067 4742 5440 9965 6123 3051 7134 3270 3596 4327 9133 66 8225 697 4749 9187 3625 8616 9330 9630 5804 7159 4480 4524 6082 3834 4814 454 2155 3014 
29 7585 8448 2278 9078 2520 1170 896 9680 159 5060 5678 2639 6842 1553 9272 9633 2000 5844 6203 9896 7254 8475 7658 1440 2598 324 2475 5150 8490 
26 1995 6735 7186 4815 1511 248 2661 9262 2967 6218 3377 9000 9195 4690 2635 3124 5219 1828 8233 2462 3881 5509 9624 5897 2593 2491 
25 6547 1674 8675 6502 9087 300 4063 7456 7984 7647 3867 3999 3961 2924 1409 3752 5200 5642 8011 158 7706 6564 6214 8839 495 
34 533 4935 4455 169 8989 3364 4021 554 462 922 8575 2377 982 6029 5698 8960 2129 8148 5023 2861 7949 1531 8673 9096 80 9979 5986 3878 9667 2747 8554 5202 7138 8174 
28 2507 328 2934 8559 9733 6851 9846 7861 4139 1833 3073 9192 4711 7769 7933 1314 43 7923 1787 3078 115 2054 2125 7359 7725 395 653 4972 
37 2123 9996 2986 4693 225 7572 2578 8955 1494 9104 6316 4767 55 3901 1062 1534 3340 2174 2942 7298 8672 9701 3784 6798 4037 2328 6109 7124 9470 6986 540 8130 8162 1903 4553 1576 4614 
13 3654 5094 9547 6446 1885 9822 9098 9342 555 1278 5705 3887 2862 
30 1757 4071 6913 3375 5856 6804 5601 9068 992 7445 7156 5998 4002 9022 8407 4014 1860 7661 5005 7062 6369 4187 1807 614 4963 3192 4375 466 4261 8900 
14 8890 7643 7195 8418 3960 1049 5209 5869 9590 3039 5142 731 6465 8572 
26 2166 4020 6206 656 655 1406 7191 876 2969 9988 2665 6741 3262 7028 2154 1075 1556 4168 3519 6015 3040 4905 6827 5774 1698 2530 
32 5049 4984 5387 6338 7692 1735 9316 1257 3790 8869 2415 724 7077 6025 9425 4587 1965 969 4903 7921 4106 7547 7895 4934 7583 7336 5413 3280 6664 9773 4401 6467 
24 5282 6053 1530 9549 7554 753 5034 849 2366 5764 8300 4264 774 6743 6131 3912 4503 9594 9534 1753 407 5736 4844 9601 
30 8370 3603 6831 1984 8310 6199 3196 6119 3795 1215 9156 1660 7567 5995 8510 4777 9917 4289 5611 4409 6094 6184 7944 9340 1096 5247 3093 8966 7189 9956 
28 4648 825 9625 1866 6024 3629 5746 8698 1222 665 4200 4111 4003 8009 6398 4173 4244 7698 5341 9386 1924 4030 2863 9318 9643 6988 3265 2961 
33 768 474 7557 4910 9411 3541 1349 7877 2904 8075 1994 7135 5885 2790 7287 6888 2614 857 4947 2713 5042 3045 4526 9728 9445 7106 2003 1728 6373 7484 2258 8411 2868 
26 1240 8784 8489 3632 1311 1745 2543 6818 2663 601 293 5600 2921 874 6254 4954 7292 9235 4740 7470 351 3343 8396 9808 5122 9608 
29 5668 8435 2512 5381 9561 5359 7574 98 4594 2 9023 1914 2644 442 3553 8772 3852 1184 2186 7765 5056 2339 9086 6598 4517 4 9323 8424 9673 
30 8787 9314 3188 3112 2293 9450 2245 4328 3249 1884 3623 6360 3921 6165 6513 2892 3547 1501 2160 5511 7294 2690 5100 5422 2199 6435 6217 163 1225 6368 
17 8711 4712 7250 2535 9337 7893 6344 5785 912 7317 6318 7719 781 132 7526 142 452 
27 2783 8203 8236 187 2036 3875 7569 7687 1723 8644 5777 7066 2241 5690 2682 3538 3429 2068 1253 8776 1836 5922 4272 7639 192 1118 4996 
27 6239 8803 7677 4194 5713 69 2675 3807 2442 2982 9171 6529 7870 6908 7392 3263 3968 6947 5747 829 2396 6236 9493 9332 3497 5607 1713 
30 2056 5654 5025 986 7118 1527 241 8782 7401 6909 7701 2568 7967 6930 2702 9510 6054 3345 4890 9621 6363 8858 3998 6990 7517 366 522 5068 9131 4305 
16 666 871 5169 6116 586 2668 4016 1405 8635 3091 4357 7832 1849 6230 8677 4732 
28 2883 497 4914 2217 6784 2464 5902 9769 5757 7422 1774 6566 4758 3139 8161 5694 4569 5528 8037 6303 7328 1337 7669 8455 7427 3671 3464 3223 
33 2436 734 3281 4601 4346 3786 2536 419 8445 9557 9526 4677 1752 3789 9052 2248 2497 5701 8833 2205 2419 2416 7046 1675 9502 2569 9883 9438 7221 8392 1249 8089 7731 
28 7314 2538 6849 3605 1384 6698 91 3477 4664 3160 2455 2731 683 596 2831 3893 2740 1034 5155 2759 53 2369 7788 2144 9168 8613 5508 2968 
16 9550 249 1842 2122 9821 824 8584 1388 6178 6892 7480 8829 6147 2689 3431 6917 
18 6424 7862 4840 5382 7455 5882 3182 6134 3996 2344 7132 1648 4808 6210 5685 9782 3346 3069 
24 5721 3445 7956 5766 9291 6639 8309 6012 2082 7900 3839 2332 5123 6565 5959 7656 4932 8511 7743 6774 1893 613 5157 3504 
28 7319 6003 7768 2651 2742 6409 3146 3425 2320 6128 1424 7236 9225 8603 155 1477 9125 3874 3777 1567 4083 8223 9197 4456 1895 488 9642 7105 
32 3739 1908 6026 5507 8323 2797 3482 9421 4035 9114 1796 4248 1460 2468 4163 1065 1770 6709 2950 6472 9261 4562 5276 6673 3720 8997 5431 4075 5458 3255 6271 6096 
20 311 9985 5134 6678 1371 4920 8049 1679 9678 8651 8771 4408 6411 2024 1820 1890 7604 371 4218 7833 
33 3758 6004 2566 8586 4233 6023 9952 9546 2327 6498 2250 3123 9566 4607 7361 8209 5116 2850 4889 2817 9480 3152 1308 6590 4917 6130 9697 7800 5515 2864 7828 2623 9860 
10 563 1381 1058 503 9173 4997 5949 7978 8083 6603 
29 2060 9626 8338 4630 6843 842 1630 8804 1220 8229 3646 1271 4605 7666 5700 4635 1686 5619 1650 8074 5648 6823 7780 3676 9961 1462 504 59 5443 
28 9869 5887 7253 9207 7889 2681 6809 2453 6633 833 6638 1387 5957 1532 2179 4623 5929 9724 6681 4004 1904 9843 3876 259 593 3520 3356 5294 
28 3540 1090 1869 6220 7190 4882 830 9134 3373 7246 9720 6523 8486 6078 3222 5870 9132 4804 8763 8312 9416 5484 1850 1766 4082 8070 5828 9525 
35 568 8104 1512 1267 5324 3047 1386 7040 7704 1601 2919 7628 6871 671 1738 2885 6584 7663 5031 5076 2451 8129 2803 647 9762 4294 5594 184 7478 8066 6335 1127 6748 5696 6918 
27 5615 6607 4842 3693 5934 5783 6579 374 5901 461 9284 5054 2153 7588 7248 4849 6929 9324 8655 9905 574 6175 9527 6592 8626 4510 8441 
33 854 3849 8728 439 372 7364 6967 9015 4703 8134 1980 4024 3072 1840 2552 8916 7531 7730 3339 5231 4552 4535 2743 5349 7538 7369 4444 2195 4688 2354 2182 1526 6074 
25 9864 1111 4958 718 3770 2673 8346 4282 9576 7208 9106 9813 1639 90 6324 4521 7761 6778 356 8288 8570 9997 534 6992 6600 
30 1269 4659 823 5576 8979 9842 523 8631 2261 1232 3267 4555 8285 6722 9886 8450 3121 4851 1370 5105 3726 94 6790 6728 6436 5781 3304 559 7836 590 
23 4948 211 380 175 342 5433 475 4821 1201 1199 1050 8650 7616 8646 8428 7887 3308 5164 5770 1490 18 5876 2851 
27 3426 4507 1363 5218 1864 7558 3199 3009 4957 2231 5862 1163 4415 2896 5283 7012 4946 8834 5617 4422 8859 3327 1141 1164 1174 4783 7795 
27 8792 8588 9325 8642 9705 4143 9511 6652 8801 2907 5356 7064 5188 3049 5962 34 5810 4881 9230 2440 2534 2046 7165 8197 5033 7358 7899 
31 376 2511 8118 8962 1912 5695 7117 5816 2355 4170 2272 4396 9950 7370 1008 8656 3919 4748 2183 1819 7819 1782 9802 5131 787 221 4626 430 4251 4484 2993 
29 3398 513 8555 6186 7207 8376 9165 691 3403 9823 3295 9205 8991 2345 3750 6707 3590 9634 2674 7155 7055 2699 2391 5980 1180 3609 7702 5819 9719 
28 7088 6327 7373 6402 3675 4247 3966 5881 2975 4652 3065 7894 1106 9194 5632 2580 5350 2636 2229 7544 9653 5115 7029 9210 1147 1454 6487 3412 
20 6403 9636 7679 9392 4258 9183 1302 3659 6235 4076 1608 7740 9727 5326 1572 4904 6294 759 4145 3613 
26 378 2828 5771 1430 7882 2220 3989 6263 8246 9101 2076 4038 3915 9872 2687 8164 5013 5421 5053 4146 2262 6948 3180 3140 9781 6889 
14 1874 7556 8081 7177 4263 3215 4809 547 7386 8058 4896 4015 722 4193 
27 4028 6160 7451 7041 3122 4981 4196 2927 3466 7344 7205 1502 8987 5313 2841 4800 9353 4466 8764 6027 2842 1187 898 6958 9616 4425 3525 
21 2026 7710 9654 8868 2912 3542 1414 2167 3181 6730 5210 9333 7735 1945 1119 7139 1606 7672 9509 2494 4191 
29 8086 3442 2881 9042 1189 1010 8882 6902 4888 7463 9729 8573 5523 5514 456 3130 7619 7683 7637 8408 6103 8924 1940 2394 8097 3198 3305 3189 6355 
16 719 4830 2680 4523 946 814 7858 3058 9900 6183 2767 6725 7744 7261 9577 5672 
27 6536 6570 3409 3203 4593 7595 8864 9139 6437 1294 9785 1870 5656 2414 8228 3082 9924 6660 2889 8393 4183 6105 3728 9253 8087 6933 2273 
17 6039 1889 8576 4655 1775 5079 2489 1762 6468 673 1824 6760 8405 3872 5720 1404 4042 
12 6252 7284 620 7082 1759 1183 8931 4097 3719 8327 3128 7183 
28 1228 4536 1845 8671 9345 7398 1910 8956 4642 4195 575 6713 5579 5451 5360 883 3022 6038 9951 7866 4999 8242 4579 7859 5839 8043 8508 1599 
25 4494 6575 375 8786 5967 138 2556 4515 9809 2525 6213 6422 433 6375 6504 279 5166 9991 3293 4175 968 4864 8765 2277 6441 
10 9121 2461 125 7729 6549 9607 6231 1362 7408 5950 
28 8458 856 3090 2711 4724 3732 7255 3663 7172 7341 1700 7140 5702 9734 2958 1647 4682 5729 7273 4400 4565 6578 977 3718 6151 6257 8710 5010 
32 1986 7934 7690 2313 8243 3420 5853 9696 9151 8823 4583 5256 4696 7594 1121 728 7812 7732 6156 7479 3397 4575 4238 2527 4618 981 2400 3581 6635 9596 8218 7844 
26 1794 8302 208 2869 7494 8747 7901 9362 9433 9871 9987 6059 9469 1233 9268 4710 8010 7279 7919 9562 5789 1329 1683 5637 5597 5399 
22 8614 4511 511 4873 6739 444 9273 1276 3991 8266 365 4658 4221 9322 8881 3516 3186 6732 3642 3387 1456 124 
12 8773 2214 7914 904 1241 7497 4516 9148 3106 8526 8891 3975 
27 284 1625 4973 3468 5409 3205 7712 3710 2089 7999 9355 7665 5880 6556 3212 6497 972 6234 1583 3509 3982 7841 915 1786 4019 8322 2502 
27 8102 4090 9282 6293 9503 3622 8176 713 7931 5566 6885 7301 8259 3487 4423 2362 5738 2931 1463 2716 2825 2005 2011 8386 1149 8893 6339 
13 2384 97 5383 7067 6838 8794 8706 8495 6396 7697 6005 4337 3440 
24 8167 92 1605 5636 9623 1580 5743 3077 8263 3052 8410 1168 2834 7352 5315 8649 2047 113 4290 3942 9434 6107 5098 3620 
27 7438 381 1863 6058 9617 7232 4167 6839 3785 9388 8843 7081 821 7179 2948 5733 3521 5271 2340 8060 1678 4081 9692 2894 8397 5395 6702 
31 8191 3176 3239 3105 6237 1725 8521 8799 7602 646 7843 7912 5838 9972 223 782 963 9490 6370 1458 5336 9491 6846 9861 281 9162 4067 4165 1290 5435 994 
27 6076 9011 147 5213 599 2270 7922 6000 4046 3574 1042 7167 5220 4634 8416 5261 9085 46 63 1482 735 5468 3944 5927 1990 6911 4220 
29 5717 8155 5516 9538 102 5861 7211 4966 6538 3772 3947 8426 1907 3007 6357 9247 1911 1688 8383 3895 2849 8894 721 8756 1484 2608 7238 4923 3042 
26 6740 9140 549 7555 4867 560 5263 6067 4495 947 4443 6326 4805 4356 2018 8241 2403 5487 8983 228 7734 9221 9840 7089 1659 8744 
29 7196 8653 5069 9731 5663 843 2829 2206 3970 1598 1504 2213 4007 4892 3361 909 1535 9535 6095 7755 5938 1103 2331 7721 3769 8751 5024 4813 7623 
27 4826 4228 2112 4586 802 8444 6641 2187 3798 5875 541 1496 6378 5032 3354 178 3473 2381 6640 8005 2726 5320 9746 927 3344 6500 7753 
23 4657 4017 1100 8213 4585 7162 5289 1637 9276 5172 1047 8761 9652 9403 2058 2466 9285 4572 3235 9384 6576 1093 143 
24 6430 7884 8274 1944 607 9657 3862 1667 6605 4584 7635 1368 6861 4960 1401 9091 3379 5740 3095 6589 8417 6637 5002 7688 
24 726 6645 3655 9820 5554 4895 4223 4537 1193 6757 7245 8827 7630 5708 3930 9828 3846 2832 1108 3906 8483 6035 8722 1823 
13 7346 1316 7960 1917 6219 2472 1600 1214 6830 1522 6844 1347 5825 
12 5649 8719 1416 1420 8604 7675 2282 7584 5373 4971 7044 3012 
25 4704 6244 2605 7548 2641 7120 1250 1800 4087 8610 6414 9816 27 7090 7746 1684 9368 3219 745 236 9521 31 262 2318 8943 
24 9619 8681 6942 1565 4673 4376 9628 1564 9487 5709 4279 4549 3593 2374 621 4036 544 8504 6483 1069 9047 9750 2615 8046 
27 6132 1620 9035 8637 9743 7366 2652 5803 1523 8591 9694 9395 4491 6061 1541 3908 4625 3506 1926 6543 6211 8305 4752 4728 7242 7405 6524 
23 210 6141 921 4088 6280 1309 2748 3974 9779 2846 7793 1012 1921 8662 4089 468 8513 153 7056 5316 2454 888 2221 
10 8758 310 604 6796 9446 2962 5388 4212 6351 976 
18 8566 7994 9071 9845 9838 4825 1791 8933 4734 2611 2567 9588 7886 9659 5845 9007 2372 8276 
28 7020 156 3735 2352 3746 2079 1655 9722 4406 2323 6552 6859 8170 1331 3582 8476 145 3744 8457 3460 7388 9307 4188 5832 1928 6490 2361 1510 
24 9464 5970 1346 266 6677 8973 2972 3424 7148 3495 6163 5375 2048 3808 2956 8857 5085 276 7774 2237 7436 7485 9117 8874 
26 5295 3030 9819 7837 1109 6956 4756 660 2234 1104 6138 8970 9666 5453 4789 4388 8177 7598 3818 4639 8536 4179 1025 8946 6482 3850 
15 5332 285 1604 397 6471 2732 9453 4386 1818 6684 5489 3248 8714 3684 6365 
25 6399 629 1101 5808 245 164 8826 3606 7266 8952 3159 3483 1896 2765 8992 6325 5298 2325 4589 9124 3977 3641 5687 6616 4987 
26 5868 2695 1843 5686 422 3036 2585 9564 7457 4104 5699 8007 1861 2913 6380 3391 2380 6225 7560 6055 6998 5750 3405 4457 675 2998 
23 9090 553 6305 7434 9537 6392 3636 9475 1324 6420 9929 4835 9236 1298 2757 9222 5236 8780 2022 1295 3535 8862 2816 
28 1777 6903 7816 9144 2292 6749 4206 1595 1873 239 8814 9278 278 3416 6655 7272 7608 7047 2420 551 6174 8356 5634 7752 7136 525 4269 1758 
21 6222 5426 8774 448 9297 2281 1394 2505 5050 8779 4098 838 3089 7340 2630 264 4945 4267 9676 2604 2098 
22 1475 3418 4792 9752 7808 1024 482 112 1357 6882 4858 8937 7728 9352 6866 434 6146 6914 3959 9635 8454 8797 
22 3066 9255 7864 4207 5602 8664 4781 6168 3463 949 5748 7502 5525 3645 5027 3689 14 6936 1936 5666 5354 9034 
13 7709 6912 6319 8793 1666 4110 4621 5947 5905 2050 2693 7767 9099 
25 5628 172 8328 7787 5369 9319 9046 9574 7446 2119 1098 8432 8360 449 6180 7910 6812 628 7473 3449 6555 6354 3359 3080 8497 
21 1835 3167 29 6173 1412 2900 8298 9082 545 4801 7927 3847 453 931 2574 5420 7885 4367 7803 7068 251 
24 3778 2181 7576 1997 3050 15 9968 4119 5913 1033 930 1941 7425 9662 7488 6017 9414 1126 4660 8320 1764 8704 8185 8280 
25 3557 3029 6172 5712 6596 65 7636 3443 74 8291 485 1181 8516 3437 1417 5993 6937 4627 7607 4226 2458 7596 2267 1751 3749 
11 2418 2923 45 1739 2965 8183 4288 7131 5057 9977 3084 
26 9138 2577 9738 7792 128 7515 7045 8401 8033 3765 1628 1702 7552 387 9870 1714 8912 9919 5258 2763 3357 7413 7337 6177 5461 8865 
22 4255 4475 6965 8187 4302 8766 3370 6021 744 6803 552 4276 4608 8231 2700 7076 6427 362 5946 1333 8137 2628 
14 4467 318 7504 676 9375 5660 7908 2367 5917 3109 2943 7822 9241 7600 
23 7174 772 8529 8021 4872 7920 8534 7394 3083 3910 6292 800 6337 3479 6383 9108 3822 3597 134 2120 5490 605 9380 
26 1422 146 6984 7193 6255 886 6772 9882 2547 760 1886 4694 1432 2932 4831 5165 6754 6599 9585 1234 6088 1901 1379 2795 6595 2130 
23 1040 6133 8379 9830 6746 2657 8915 5837 9292 4784 2228 8760 8889 7726 4123 9275 7265 5197 5893 5889 9351 5364 9829 
26 9037 435 9402 649 3859 9981 7614 618 6425 4645 1879 5519 1790 4603 6142 99 6328 429 3800 8442 9958 3485 3703 472 1822 8947 
24 2426 4355 2781 9265 2930 7840 5212 6814 6625 6873 9300 2938 2745 8181 2023 9456 2549 191 9551 8313 5058 7781 3505 2300 
26 4387 212 3384 6537 7693 1263 832 3615 8505 2397 4667 8932 3565 6756 2854 3498 6167 9583 2075 5621 2616 4412 4252 2227 6981 6433 
21 1206 6630 2910 6120 2115 2634 1218 5904 3756 6763 5107 5670 3815 3814 5216 5185 5319 1588 5657 6661 807 
8 2015 4528 9708 1166 1983 5735 4916 5147 
24 6618 2480 2107 1897 6450 4365 85 7807 5537 219 1767 5309 1761 4902 2428 2071 7240 5389 4633 3376 7991 6046 4303 8885 
22 8412 9452 2207 4113 645 161 9930 5167 6883 6376 9582 8051 4454 7225 5800 8478 2631 4676 2347 4697 764 2038 
14 3147 2495 3221 2882 4985 3006 3363 6287 2703 3179 7074 5923 1514 3633 
24 633 1160 1799 1332 2078 1245 3524 4764 3 877 5534 2341 9975 4964 4590 334 5932 7880 7345 3336 4240 140 9531 5563 
27 5920 9313 7846 7915 2108 7323 1176 2802 280 6751 2916 8314 3782 4478 2085 5297 4152 5327 4102 681 3854 1144 2349 8255 5253 6685 1115 
25 3138 957 5287 3990 8840 8420 1771 8800 4806 8988 4561 4988 8018 9460 9344 3678 1780 7664 8734 8107 6460 4402 2847 1701 3184 
21 8464 9744 9505 661 9485 5161 3174 7762 104 5835 6389 634 3187 3330 1268 3441 3658 4541 9129 6999 5544 
19 1002 2074 6659 6920 3686 1057 2602 2109 5605 9833 2302 9529 2655 6166 4403 570 8724 8202 3081 
23 4450 4205 6248 6987 4331 459 1041 1872 4921 1493 3136 8289 3725 2404 261 7925 5577 4995 8602 2218 7597 8718 5973 
25 9199 6877 8023 5818 4285 5892 2429 6708 9795 3228 9948 8926 9420 9080 6264 6557 2014 1754 5290 3226 3390 9214 3734 5561 8196 
24 9495 1221 8652 9761 6985 9226 5182 8901 2118 4062 6896 5214 4429 979 1471 3997 177 4477 1737 1656 167 2191 9600 4922 
18 8965 5479 1875 1450 7326 2808 6928 8307 341 4427 8404 451 2113 2158 2294 9432 8507 3631 
28 1326 1970 6526 9595 6356 463 993 4843 3851 897 663 3493 6366 5792 3842 487 4330 929 3953 5374 7262 2575 2701 3046 78 8221 9201 7459 
24 7019 9563 8072 9620 3753 2395 4256 9335 6734 3319 9447 235 309 2012 8757 4632 7545 4860 9371 4442 8567 6789 471 2806 
22 1560 2981 3779 6013 6961 5045 6858 7286 5872 7474 130 1651 8067 6071 9903 1797 736 5342 6585 9818 9747 9304 
24 9289 6340 9992 7493 5799 1489 2467 4937 3940 543 608 9188 6572 2744 577 3004 5178 8061 6867 6266 2821 8352 5333 8607 
22 4078 7988 9364 9481 4866 4293 1453 2314 933 516 9185 542 1423 5004 2162 8732 3864 8998 4448 1156 3741 3931 
20 6541 4913 6473 9031 2235 8768 3802 1355 370 3657 9801 9053 1979 6346 7492 5640 3624 8683 4925 7992 
25 3311 5465 9030 5417 529 3053 8990 9224 7321 3450 6806 2084 4798 1498 2542 7945 3018 7127 2067 333 8619 3837 3956 6417 8308 
23 4788 2706 8892 8434 3157 6615 5710 9980 7440 8101 7626 4452 2793 1816 8388 7447 3980 189 129 8090 5051 5587 4040 
18 3833 8996 415 1443 1834 7009 9298 290 6001 6478 9435 8668 5066 793 9862 7310 3298 1594 
24 1113 2008 730 2110 4485 6969 9684 918 8682 9228 173 9441 9539 7865 8922 5088 9603 2066 1373 2707 9683 879 2550 7053 
21 3325 902 4260 9497 6662 2537 7757 6102 9357 67 5680 8390 8248 3695 4707 3062 6788 2698 327 8461 1699 
23 5241 5809 1480 5888 6657 6002 9640 1392 4345 8883 5052 7327 3331 9113 771 3768 1719 8702 1969 4768 6895 82 7751 
13 8290 6031 332 9444 2633 6682 8469 5039 3102 1351 8999 257 6520 
14 4836 3530 2935 402 7962 6738 283 7420 3639 5028 3309 940 9489 4476 
21 5711 493 8902 2928 8953 9859 4591 7407 6558 9039 4470 4351 6040 2388 8846 8696 2985 1077 8561 6016 9831 
20 9737 8940 196 7080 282 244 9651 8481 2111 3963 4096 9029 5321 2721 6653 2027 8647 3256 6458 9533 
13 4717 81 3360 9077 8593 5228 7142 6495 3303 855 1720 8139 6934 
28 9109 1589 741 4347 5017 5769 2383 7237 9112 8283 8691 7508 8963 546 8465 6554 6972 7199 4413 6195 1621 7412 8409 4977 7831 9591 9126 299 
13 2297 3751 3439 2856 5106 7271 9858 8899 9302 5385 3957 5203 1015 
25 6647 9702 846 1251 8831 9246 6268 9361 1750 847 8687 9853 8136 2239 1382 3155 2496 850 2149 9066 7748 9745 3591 8523 2175 
18 1697 9002 8878 8493 678 7072 4343 5403 2753 5863 1124 8317 6386 5737 2629 9791 7350 1086 
21 7097 1755 2184 3394 1693 4099 2714 5541 1999 6223 6297 7651 6372 4743 861 5345 2423 2895 9615 5485 1558 
24 4481 4807 3334 3775 5879 150 6771 2899 3101 9709 6736 8034 7331 5114 3909 4313 2705 4721 9041 4548 2131 1419 8538 7235 
22 5437 3453 2180 2737 2482 2424 4008 3251 4266 1031 7627 305 1857 6820 569 4647 9149 2915 3242 4692 9580 3388 
14 9349 8029 2209 514 5921 3209 6034 2043 7850 2733 5429 291 4364 1652 
18 9817 9038 6451 6066 4880 3494 740 4775 37 7805 4533 5129 6697 5075 1795 6057 5683 8726 
23 1142 550 6455 8079 8343 4685 9136 4060 6856 7333 4039 8003 1017 9863 8026 3577 3660 5910 3301 2594 56 296 8232 
10 1192 7940 1743 6157 9501 1292 7073 8110 710 3559 
19 9303 6379 9543 5860 7180 6345 1281 202 6824 8016 9672 5732 5643 609 5936 7054 9786 3000 5416 
18 6884 7535 4863 8615 3783 3451 252 5006 4217 3368 127 4025 964 9646 1859 4606 1195 148 
9 7468 6274 5843 4508 8810 4230 6229 7152 5784 
20 4615 7309 5782 8816 951 6989 6716 7741 8872 9107 3668 8697 3096 4754 4551 5560 1398 7642 3132 5821 
21 6634 2893 6850 7857 1804 5915 2246 5908 50 5199 359 5951 1566 7659 6144 1133 4991 1380 7083 953 6869 
22 6484 2809 7209 2444 8951 5093 232 863 5292 256 1243 5984 9479 1765 9006 5585 9877 860 1262 4316 7718 2172 
23 6729 2240 8520 3044 7645 9632 965 9718 2417 880 8853 6646 2168 8140 9959 3150 9280 2545 8369 2728 9937 8927 3637 
10 8227 5475 6443 1793 8249 2035 5900 7758 7481 3480 
23 6966 5377 141 2324 8502 2375 3038 2062 1396 3395 4107 1236 5681 6510 988 6037 6837 8634 1826 4680 7898 1938 790 
22 6121 6198 9219 4558 4117 7278 4884 5092 4074 319 989 8524 8052 5725 5259 5288 8256 5346 631 3010 8132 5961 
21 3651 4666 3669 7561 5971 6503 3233 7389 3470 1235 5347 5610 2065 6511 788 9212 1445 9010 7974 3488 1088 
23 5245 8506 76 6571 580 352 4372 7570 4739 924 4360 696 2991 5526 340 7269 1296 4567 7660 7079 7591 5978 3914 
23 7916 7903 6491 5907 338 5040 6983 1198 6068 3550 2955 6359 9348 9704 2884 2804 2506 4148 2370 5397 1036 16 7239 
19 1803 408 6669 4852 8105 6905 6043 9907 9073 1162 4550 2446 4519 6950 3268 3604 9622 1952 437 
24 507 9735 1710 3314 5082 2390 8212 6982 9179 816 2526 1310 7868 3467 7897 6313 6341 6440 4610 4447 9076 1172 26 321 
20 799 6519 4938 5941 4232 5411 4828 52 4730 9571 6886 8871 7354 8264 6281 1152 4418 4753 6782 3812 
25 4709 2867 4602 8477 7043 5120 9150 4369 6308 2780 3137 3511 6915 5527 1117 413 4161 885 6028 9486 4897 1312 7315 4311 8778 
24 1046 9065 8194 355 3601 3462 1470 1783 1746 6283 3673 3299 2081 508 2306 4211 6628 9855 7852 3217 4126 4820 1642 5894 
16 6562 5815 7830 7503 7149 1687 7387 7462 5379 1073 5015 6391 4611 9560 6959 5646 
24 8207 7203 1102 6582 5208 8984 9283 473 3799 4718 8688 7220 5268 2086 6171 8399 1946 496 4856 7454 4998 185 329 6477 
23 3904 6041 1838 5014 6159 2600 8918 6857 8903 3154 9018 9232 9009 1960 4974 4254 6651 1925 4180 9239 648 5606 2750 
15 7013 5502 8720 9944 2343 9618 3352 9812 5252 1391 5195 974 9783 2855 229 
16 4048 4857 5674 817 1237 1182 1239 8600 5151 4176 4513 2157 5623 4982 8808 7192 
18 9815 7609 5250 9410 6897 7101 6829 5852 4299 7798 3034 123 5251 6954 2443 3283 9589 8119 
24 1364 3326 7764 7823 3621 8617 2039 4489 3269 8976 1072 4001 2560 4486 5061 8068 1899 5581 7216 4670 269 8372 5676 6766 
23 8028 990 353 1551 2190 3843 4101 8562 8928 5099 7137 6429 7495 5447 4283 3165 4222 6781 1287 5609 5935 7368 479 
13 6879 1561 4651 62 3118 9841 6352 2779 9542 1919 8863 393 302 
20 1013 4353 2402 3877 7579 5981 4326 1591 8108 2570 9758 77 2001 3143 4287 8515 2301 2059 4103 9329 
19 2061 9613 7380 780 5405 6832 9611 3939 8446 1756 8419 4430 3794 4235 9760 654 5834 4142 8923 
9 7804 8819 6854 7033 30 9017 2189 8929 2411 
21 3826 8806 8739 3475 8277 3879 720 8995 4617 9902 7231 114 8403 1196 1434 2524 9379 5533 1238 9970 5937 
13 7444 6416 5145 9016 2994 5246 2871 7026 5741 3595 9552 3662 5312 
18 4404 5064 8595 8368 6939 6367 1852 7197 1255 7648 9941 4874 4482 7291 9040 6845 1894 7519 
18 5847 5400 9141 292 1967 6833 428 7958 7086 3714 7578 1742 198 9713 2204 9986 7268 4530 
23 4877 494 2523 9238 3317 4499 2386 4906 1932 7414 851 5574 2309 9964 8875 8347 8109 7785 958 139 5022 7824 8433 
19 5070 4532 1348 5442 709 9496 4384 1709 9055 6530 3003 7027 5787 420 9200 7818 2249 8837 2138 
22 9513 9191 5308 1248 1733 8545 9570 1827 9682 2565 7689 8514 9500 9911 3011 294 4460 5625 9271 3407 9391 7878 
20 3430 4072 5756 3108 8548 3261 7274 668 4899 8544 9081 7421 8472 9699 602 1148 4967 8707 4320 2055 
11 3362 2285 3323 2434 2295 2365 5365 9755 3206 3890 107 
22 5491 1930 354 199 9881 6821 4323 7867 9983 5878 8645 531 2037 7797 9553 2088 4797 2624 743 3853 4994 1009 
16 4068 1415 987 2247 2662 6169 3164 9665 1649 7592 1231 6126 3700 289 8606 3204 
21 5201 7010 751 5472 9424 5187 5692 5715 3967 9945 7871 2092 1125 8456 2555 7423 5170 1544 8755 4281 6650 
21 6247 1734 1634 674 1048 4787 865 6475 4850 2852 809 765 4382 2435 1957 6627 4151 3448 8282 566 5361 
25 6670 708 313 7381 2304 8785 1681 2513 3946 6970 7353 357 6629 4847 5314 4827 227 6835 7582 4487 2336 9966 5325 6112 6241 
22 9180 7654 5662 6474 7682 6963 689 4044 8542 8294 4362 4280 8598 7096 8015 9177 9427 1581 8888 6723 8777 1107 
14 6946 7891 3173 9556 2093 2587 6072 2333 4928 2974 4134 6943 188 6518 
16 1721 6125 4147 2791 4136 6413 5582 3213 3736 1590 2201 4668 5754 8663 2342 3733 
22 3220 6426 9478 6848 5393 4394 267 2360 3841 567 6957 7902 9293 3419 8790 625 705 2976 2389 2073 4057 3286 
17 8239 3149 6799 5262 6764 5520 1668 9327 2413 8366 2918 4576 8381 8845 360 3028 1327 
21 7763 3754 4566 2771 6205 7737 1203 2124 3918 9695 999 8358 1291 314 6070 6401 5302 8552 3576 6991 8594 
19 2751 5650 1165 6277 2350 1265 6276 3195 3260 3653 3070 6979 5109 9669 3724 6045 343 1091 818 
20 9463 9836 5500 6864 8693 4366 1045 9458 7738 2712 6385 6056 7942 777 2028 810 9248 2127 6194 2308 
13 7464 7926 1461 7178 1094 5739 258 2656 9717 944 4926 1987 1950 
15 2216 7355 4439 7907 4398 4919 917 7299 2801 8678 317 5645 6496 4936 4811 
9 7325 4773 8805 2193 619 6759 9674 13 6099 
9 4772 3117 4686 3211 9612 789 3694 5138 4127 
24 4249 2548 5386 7365 5548 510 484 7856 3933 6488 7532 345 6501 4837 7377 8234 9338 9953 9308 5942 1418 1624 2188 4399 
22 8035 9586 6333 9158 6512 6601 2596 2025 8498 6036 4389 7754 8533 4791 9605 1618 7821 8006 6007 7670 2321 3347 
24 5994 7794 2338 7691 9789 5240 8143 5779 3667 5083 2640 9050 9598 3353 9155 9689 3628 6204 7313 5568 8781 3031 411 7784 
15 6321 9102 2584 8851 9440 3916 1632 2739 2749 2592 4216 2490 5280 6612 8540 
20 2954 3119 8179 9710 1345 6574 812 694 1328 1839 8721 8496 8004 6720 8985 3074 9154 1623 1865 5850 
22 7379 8731 5557 2648 4924 9213 7629 8796 1672 7021 1179 1175 2761 5102 2242 9826 7563 3318 149 1128 3229 7204 
16 1676 5306 4940 5366 3949 5481 2971 5430 8752 1631 5671 9994 2091 1390 3246 1293 
6 7109 8306 301 9145 401 6348 
16 377 9920 9649 8159 8293 839 4407 2268 3201 6683 6797 7439 7258 2481 2007 5884 
22 7811 9847 3469 9631 9070 1955 8093 4250 4219 6243 2766 3191 4304 7745 243 7930 5595 4785 2929 3254 1158 1495 
18 7347 1286 537 412 9244 7796 8742 6454 8911 17 8680 1486 9383 7624 6423 2449 51 9290 
16 8670 7259 7351 8415 1657 253 3079 6810 1673 8380 75 5121 4504 3287 1056 1083 
22 7490 1584 5990 2077 3672 5567 4159 2042 6192 3351 3575 3372 5139 6100 2222 6791 6447 9269 5912 5773 7946 5376 
23 3566 6208 3092 1299 916 8624 7587 5522 6609 5194 1039 5019 4169 6852 8479 8589 8385 7776 7863 1366 2030 7667 5538 
14 3608 6855 7091 589 9242 6267 6097 8944 8769 3551 6334 1927 5812 8113 
22 8667 7150 4990 5351 8296 2348 120 1876 8844 154 1596 8733 785 4616 4780 3766 4265 3400 7244 2010 2666 8501 
15 2171 7342 254 7164 1891 9686 1554 5965 985 7806 1517 6481 7533 6289 5760 
13 2132 1433 216 5976 561 8244 1519 3499 5338 8145 7644 4500 1216 
13 3708 6974 7749 2590 7510 7817 7775 8815 2933 2289 5918 6453 9461 
21 7119 6550 9897 1942 3740 9397 3489 2645 1169 9143 5763 3707 4086 3832 491 5703 4333 5644 5162 4909 8384 
19 1005 6825 852 9508 7829 3271 1365 1781 2483 7128 3634 7652 9105 5462 960 8180 441 3558 7302 
13 3104 1831 47 9784 3573 9874 2299 6006 5038 7872 3868 3252 3536 
12 5991 6431 5755 8153 8974 6779 2734 796 5274 3026 3863 9067 
20 1282 8447 3490 4879 1455 7282 7802 2960 9578 9742 9780 5353 2995 2013 4498 637 3670 1772 5571 2625 
19 8373 864 3583 8324 9328 6977 8909 2642 3247 4026 4638 9260 9218 1712 7170 937 6769 5272 2253 
20 908 2382 5457 1030 3648 7724 4970 3210 7466 3763 6561 2485 8045 4061 5833 6941 8076 4236 2595 1439 
25 7799 1949 3510 7929 2126 8715 1587 1264 4105 2264 7879 6727 9575 4619 1171 7452 1802 7717 5242 3273 1011 4479 2493 2280 3857 
19 3381 3776 3332 6253 4164 7461 2146 5196 6343 8387 8206 6546 3423 5630 6715 9517 5270 5718 868 
19 2315 93 5238 1393 6758 3570 5427 8961 8746 803 4114 8144 5146 1703 6621 2097 5633 3115 616 
20 39 4141 4128 1871 658 2501 9442 7169 5343 7727 7256 5564 3013 2925 3234 932 4118 4492 7496 1507 
23 8272 1685 2937 4246 2626 133 6181 5864 5558 2232 8250 6712 4155 6083 815 7500 7022 6421 3001 738 1205 9700 4599 
22 4953 8073 3169 3396 8094 2762 9012 659 2447 2903 6785 7963 6275 2621 528 460 3151 255 5257 9369 3522 5176 
20 315 5794 8981 2835 3938 8748 3894 6862 3796 7507 8811 1448 6671 4202 3385 4612 4434 1497 8340 3755 
19 3986 4150 1353 7085 7217 6042 6415 214 3382 5765 8494 8822 3300 3568 2870 3563 592 2255 8215 
15 3729 25 8627 9777 9240 2798 3144 344 3561 5956 6611 9431 3059 7593 2540 
19 6480 4965 7078 7791 6816 8855 4930 3266 6737 905 6408 2514 1617 5328 9057 8082 8701 5814 2251 
16 881 7334 4720 9671 6927 4834 1937 4335 2688 5171 7003 558 9660 1 1654 8895 
15 8038 3512 7296 6290 4979 6149 6262 819 8914 8657 4463 7385 1074 5797 6995 
8 2718 5062 312 6973 679 1788 9119 8222 
20 4496 4939 8413 3691 2653 5675 4359 4449 5007 9422 7213 5805 6617 804 4459 4295 4911 1483 1837 644 
14 8184 1143 7125 8116 7018 6658 3258 9978 597 3452 9423 1841 6568 3324 
18 6200 7102 5540 7065 5626 8273 385 9175 5136 5496 1934 2517 5357 7431 9 436 8658 1356 
15 7316 8609 5380 5593 6362 5992 1167 2137 5722 1303 9169 9095 9365 3892 6170 
19 2439 8150 8421 7546 9237 7790 8749 1032 1151 8208 7324 6108 9204 8391 7305 5322 3113 6978 8311 
14 6907 8767 9167 6251 6863 5260 72 1571 8436 1070 8500 9373 7577 9569 
19 4854 6762 35 4209 4125 9159 8530 8470 1451 1538 9310 9315 1933 9455 8281 1007 2094 7052 2876 
8 8967 1582 4956 4451 811 3302 1732 5230 
11 1252 1146 7599 3166 6525 2422 2083 2879 4578 6445 770 
9 9925 1610 7523 6432 4573 2612 4564 9827 2773 
18 4154 3722 8063 1902 2498 8842 5041 3421 1260 8759 9223 3071 9189 9936 1661 7300 2069 8949 
10 2176 3438 9725 4051 8828 469 651 8641 9971 1285 
10 2782 1319 8886 4468 5126 3981 6014 2259 3322 3571 
14 7267 3952 458 8247 22 4397 2263 4262 6619 9908 101 416 7720 7601 
10 9249 3502 3241 5249 4182 8095 4284 7295 9638 4108 
14 7716 8954 2102 2572 4596 3935 8577 2161 3486 21 6968 8517 4273 1961 
16 320 2291 122 4314 9889 2311 1457 6938 2478 8014 3355 8096 3131 5972 8581 8913 
12 4832 8182 5730 3811 1217 8359 369 7634 1219 4952 9048 7182 
18 4819 935 9152 8539 1266 4358 2947 3962 6486 9524 6506 3587 7023 7144 5505 1570 4723 7826 
24 1186 2599 1004 4050 3907 3141 5559 7750 808 2051 2256 4708 9857 1317 2290 8172 3896 1155 171 9193 3415 4771 9756 4778 
16 9270 6161 826 4770 2351 1856 9363 6887 9356 5786 6535 1882 1614 8336 7251 4243 
17 3534 572 8268 8440 3924 1474 9408 4371 2891 7827 6449 9428 2034 6301 1846 298 8230 
16 8020 9321 498 938 9879 6608 4278 8906 4340 9518 1361 752 7518 7416 5551 8770 
17 6898 5603 1981 6874 7551 2667 1918 2796 6532 2708 8743 2978 9181 9597 6065 2049 3665 
14 8620 4636 6245 4560 358 2778 6270 2500 6668 4438 1586 6545 7257 7565 
18 3685 5486 9263 2230 3556 1466 6940 2398 2052 5303 7620 8353 121 4715 7571 4674 6499 7713 
16 5684 6062 7513 1297 9837 6312 3738 515 5081 5624 2911 9468 594 6384 421 5775 
10 4411 1814 5488 8904 5550 8580 8165 1095 3417 8666 
17 4352 5858 928 8938 8339 4675 3085 1525 9584 3706 8427 6787 1811 111 4458 6249 8319 
5 2589 7227 4390 4898 1574 
15 9160 1177 8659 5622 9400 3813 4915 6906 2459 1943 866 8849 5570 4069 7742 
18 5829 8193 5689 9075 8835 3704 5614 9899 5691 1975 238 470 5768 5728 5930 1974 5474 4298 
20 2717 8830 4344 2776 8560 5584 1224 521 1711 687 1188 7966 7094 640 4257 3681 755 9220 8299 4983 
18 1194 457 9376 9118 9774 2016 7194 7982 3680 367 5206 5223 3677 1812 9257 9764 7723 6444 
17 9100 5184 9288 2401 9111 4871 754 903 9506 4547 2532 414 8867 1991 7095 8623 3020 
23 5954 477 6261 8820 6597 5008 6703 1779 6030 6800 126 9839 490 4055 8621 5337 4391 1321 4174 1748 447 3994 3688 
13 6745 8950 6197 2729 2722 1920 7849 2236 670 7782 8982 0 7568 
12 8188 1529 2004 650 8709 6666 2192 8 9217 5118 7100 7676 
12 1524 499 1715 4198 337 3979 9989 7541 564 5667 3312 5891 
12 194 5394 9043 2279 1612 8459 7521 919 6256 5492 3809 1213 
15 582 382 8821 6033 7006 8027 6776 9655 6232 1954 2553 4032 103 9301 3507 
10 7575 1325 5168 2646 3592 6224 9147 2298 2463 3517 
19 2470 2805 6808 4942 7418 9234 3757 5801 1769 3392 1389 5580 3529 3214 5806 2219 6573 662 9960 
15 7650 4029 2033 9884 9299 3428 7883 9856 7247 213 9998 3801 9451 8345 4908 
16 8326 3338 7860 4876 2837 5627 8643 5793 9028 8836 3171 7409 9494 2133 2858 3780 
16 6548 1513 5827 9092 9593 4053 6286 8315 9957 5940 3683 2194 4862 2730 2905 392 
8 3578 3230 1289 8729 8286 6522 4751 2677 
11 9763 5761 6428 9074 4765 6577 1476 7955 5470 5964 6302 
16 4520 7534 3406 9110 6704 2859 5590 509 478 9170 8142 8482 3715 7161 4554 1403 
15 9449 7108 7622 151 5154 9933 1749 347 6773 8735 5215 9558 6931 7979 8321 
17 873 6298 7277 6081 701 9208 6309 4131 1068 727 2844 9793 3943 7087 5119 1641 5248 
20 4744 3699 7633 4395 4336 8930 1985 5278 8056 1334 2425 4669 9063 7839 6553 6691 9942 3244 246 6060 
15 1105 2684 8284 9867 4762 9982 7875 7695 2945 2392 5820 5677 3126 4022 7133 
17 6699 9026 8601 8873 7605 5639 5186 363 5546 3567 1607 3250 6315 4215 9940 5543 1173 
8 5983 7671 5772 4581 3290 9343 4000 4181 
15 5021 272 9804 2198 5101 1539 9565 2741 5396 8344 7892 4672 983 6448 6665 
15 5679 3278 7610 6272 4870 4385 4472 2607 1099 9893 4465 2583 2136 4339 5953 
13 4058 9810 3433 4135 2901 116 8065 7449 4201 2283 3742 3898 4005 
14 2710 3905 997 887 4512 1690 6714 8812 9258 6049 2683 5095 7402 432 
6 8071 712 6464 2638 4210 2373 
14 688 8160 2957 7543 260 4033 5911 2997 8325 9949 1536 4237 5867 9999 
21 5158 7014 8173 425 4714 2613 3474 3701 3328 6996 4824 1505 5638 4380 3285 4009 3243 5418 4570 9898 1705 
17 3193 4992 9089 6719 8549 288 8400 8117 9741 6209 2827 4199 1467 7888 5339 8877 2554 
17 2021 680 3748 4878 152 2990 7935 9320 2473 6679 6406 9772 5096 6118 8880 6479 2764 
19 2670 7707 8564 5074 9027 2303 9835 8969 2379 5378 5128 2460 2719 7845 1798 2226 9413 8468 9277 
19 7143 9072 399 481 714 118 2676 6726 9973 3548 7618 8919 5846 7184 8168 6079 9115 8527 1935 
4 306 1706 6792 9536 
17 6602 4441 4085 699 878 2045 500 5097 6949 2789 6962 6841 3882 8114 4275 3902 8685 
17 9474 8237 6674 6643 841 2874 2558 4822 7711 5448 4436 7970 1481 9895 424 1001 1825 
19 2649 230 8798 970 9629 275 8127 1810 105 7491 373 1964 6092 3600 7530 5392 4079 4678 1966 
12 9658 2760 8316 4334 9904 7443 2471 7030 776 1736 6154 5652 
10 5371 9748 882 5450 2672 2872 205 2679 5072 3035 
20 2857 7176 3292 7668 7322 9498 536 5183 3599 7505 6604 6551 8474 1028 7419 2637 2819 2886 8941 3985 
19 622 2754 5658 183 6975 9079 8220 6636 1444 9592 2588 5822 5 5469 7540 1487 8451 6624 4592 
15 4698 9928 1747 9419 518 1342 346 8977 427 2775 9279 1585 1638 831 8278 
15 3454 8189 6620 4786 5103 3374 2533 3759 4312 5521 5401 1129 8084 6233 7450 
22 6910 9457 3537 8437 6747 7145 8660 695 1122 162 2095 38 8491 5871 9174 2437 2643 5073 3932 6158 4324 1691 
15 9436 2284 8550 6648 7260 7998 2387 4342 1130 5759 595 8986 8151 6509 8251 
10 2412 7483 8354 7801 8141 6358 3787 8541 2421 5077 
19 1132 1509 7098 2632 9233 7549 6215 5310 186 7099 3598 4738 2877 3995 7981 1696 9664 2469 1426 
17 1051 867 1436 2254 907 96 4845 7016 1197 8525 9984 4231 6187 3627 3383 6701 2203 
10 4405 1023 1977 9825 3194 2378 8341 4735 5499 7997 
17 3321 6793 217 8531 6705 335 6240 3056 3399 386 834 4976 6881 4702 2371 9555 8069 
17 9512 624 1431 9103 8103 4137 5133 215 2364 3806 6516 2685 9157 1792 4522 5117 5296 
3 9927 6521 7625 
16 8334 4204 1597 7987 1724 106 7939 4461 1413 8240 7121 5924 6878 5673 948 1680 
20 209 8099 3307 9462 1275 1449 1469 9378 7222 5036 6047 6077 4975 308 7905 5989 3447 9663 108 3771 
10 1037 3060 4431 8050 4943 4149 6310 1435 8556 4197 
12 3647 2173 4582 330 6395 2792 8017 4763 8452 6145 3518 1682 
12 2777 5352 8695 4370 8466 6075 7280 7995 7233 5494 3687 5669 
14 4121 137 9153 3501 6469 1499 4527 4381 7050 2823 3162 7722 1087 1662 
14 3358 6953 2041 7542 6733 2215 87 9995 6508 8092 8473 3923 9787 9921 
13 5124 5222 8546 2984 7411 6951 9036 8537 8754 3465 5664 4157 995 
15 8745 1768 1629 2156 5016 4144 5966 7786 1358 1270 2522 1506 538 5883 204 
21 3216 5340 2178 8439 9706 4816 5651 4234 3649 4505 6106 3348 8186 6588 1616 1953 2456 6388 2139 2103 7002 
19 7662 4493 8431 3731 786 8817 9969 5552 1707 9788 9122 9516 9807 7973 7424 5831 1851 2922 9097 
13 7383 7153 8287 3823 426 5104 1059 5752 4927 7032 6731 7126 7059 
18 6567 5317 742 8813 7498 6880 5925 7694 1468 4462 4598 4859 3094 3835 274 3369 9399 2755 
18 636 643 2128 4595 3496 3913 703 9730 2562 5329 2518 7031 1877 8676 4731 3335 7410 8235 
9 9459 9231 9767 3019 1906 1643 1579 9354 9931 
15 9229 6155 7516 6137 5706 7890 4571 3948 3674 6688 3100 6899 9814 756 8080 
13 6387 6442 8115 8936 5943 2405 9715 5767 9797 858 4737 3903 4568 
17 2031 6462 2431 2407 1145 5532 8692 1071 8579 7396 40 642 3240 5207 7151 9331 7771 
18 1208 686 7403 7007 7564 5824 7550 591 2150 2906 1029 4543 5823 2433 1611 5436 3098 1562 
12 7501 2504 4802 8121 9602 1727 9163 5267 8125 1915 4419 1478 
