10 167 110 162 136 187 129 53 32 217 158 
16 168 0 159 92 144 57 91 214 82 243 16 51 71 126 69 149 
14 34 75 95 225 198 232 244 3 109 140 235 248 242 176 
16 99 103 24 13 273 63 224 172 222 170 10 205 152 1 77 175 
20 108 72 299 62 18 19 281 64 26 191 73 101 219 192 100 47 270 293 169 2 
15 54 259 137 150 156 188 128 146 207 106 252 186 135 211 130 
15 184 134 220 193 171 245 282 121 253 98 292 66 231 46 84 
20 216 80 210 15 200 226 277 284 185 209 114 93 118 139 20 289 120 194 153 165 
18 275 116 246 290 60 21 29 241 254 268 298 48 119 265 228 240 49 132 
18 180 8 286 133 125 166 174 122 86 117 195 283 81 199 155 288 37 247 
19 87 7 203 58 105 44 39 102 14 236 197 190 70 45 250 154 262 123 9 
11 41 88 161 227 56 38 50 196 30 97 178 
14 164 4 127 74 27 22 42 5 112 12 215 229 189 151 
12 296 213 204 68 89 131 35 78 142 251 272 52 
14 212 148 260 107 267 113 239 295 61 181 182 43 143 173 
18 85 294 276 218 263 261 79 230 28 202 258 237 147 90 124 264 104 233 
13 249 285 96 40 157 11 6 287 238 115 67 206 208 
9 111 23 76 83 255 141 256 278 274 
9 177 138 266 145 297 279 94 257 183 
6 163 269 25 291 223 59 
7 271 160 201 31 55 280 17 
0 
0 
0 
0 
0 
0 
0 
0 
0 
0 
0 
0 
0 
0 
0 
0 
0 
0 
0 
0 
0 
0 
0 
0 
0 
0 
0 
0 
0 
0 
0 
0 
0 
0 
0 
0 
0 
0 
0 
0 
0 
0 
0 
0 
0 
0 
0 
0 
0 
0 
0 
0 
0 
0 
0 
0 
0 
0 
0 
0 
0 
0 
0 
0 
0 
0 
0 
0 
0 
0 
0 
0 
0 
0 
0 
0 
0 
0 
0 
